-76.1956097369363,20.06901909065671,97.76647756114085,-8.102430307848003,-31.99900469699206,-63.22567542450883,-64.25858783820277,-47.43494376470338,14.86129350035867,-43.02949350573994,-49.53396228688308,83.70107499223168,15.7404772638725,-22.279293842485416,14.110667965234342,34.37504041901052,45.21021918302578,61.31952189396535,-73.44166221051098,-57.34736085550136,100.0,100.0,-23.899461153500088,-100.0,-100.0,-96.44001018293812,-5.5551955819708425,63.715722898099365,30.192832684638677,75.24082860643998
-0.14370666673697485,18.591888629721296,-7.938825215845739,-85.27672752131201,9.421682669951792,100.0,-39.584665381481614,-100.0,78.02580518839314,-20.714368168304528,17.75616948071493,75.14764540933734,-1.5239074124389465,93.69330008606192,-100.0,-10.537176851144899,-46.76252063358421,-88.70305651765382,100.0,52.4585795791231,-3.4850017156933824,58.810931093937405,33.099826664852266,24.009799012166237,57.677450660520975,-100.0,74.51603192389723,-100.0,6.69630229211994,-19.19057013894701
63.58684986284367,20.967468441276893,92.84512273200745,-96.195090376844,26.103535294905633,-59.27535044504255,42.326820390988715,-86.97723123403873,-37.48921112654339,-2.0687753497499153,56.87128272396181,71.80957314316659,-60.25837044136684,50.887074918815586,-65.22904300799075,-2.7304745753913533,-91.68314205283386,-48.270638973142525,-2.1477334458914292,61.27994623812642,100.0,76.33282120115247,0.48584585941103153,-45.85947626202386,33.607963272887694,-55.65388868867346,-6.065226318042825,95.17608859009977,82.89432337355319,-23.90352873605603
62.96870046723379,23.007905712579845,98.33209686402319,-30.617273041817192,47.00991062385501,-100.0,-45.11920604256959,-100.0,75.97230020296925,29.221816262140706,-71.37648457427206,100.0,20.035677326270076,42.56358236305495,-12.817185277738627,35.1181511987527,-85.77266474039288,-25.634266158769947,85.78979329398875,83.3309524052105,-58.352668254894006,-82.97433904460746,72.29879337573777,29.164601032803766,-1.649848413363884,-22.460841602929,-82.94920711269727,100.0,8.794004644361394,-48.217474036653385
-100.0,100.0,100.0,-100.0,-94.92418207115489,-58.28206561996595,-95.02808905588893,-63.08429124770347,55.529647962244546,-97.12060823151805,-100.0,100.0,-100.0,100.0,-100.0,100.0,-4.668805258408909,-100.0,64.27327185535671,100.0,-100.0,-100.0,61.65712954289873,74.99765350574194,100.0,50.96723827314878,100.0,100.0,49.03747681300409,-92.6425160402934
-100.0,19.69923153768164,55.37316391288837,-57.15899765774495,-22.172658033671006,-38.86388216070442,-39.15914354427026,-66.6128604660704,7.622903252232694,-49.40819381991581,6.057597022403463,62.58514321541239,47.27081347673881,32.17551148813571,-61.87517798948652,-14.721120347045435,14.695995483802385,-43.93943694119743,-61.70314689329168,61.516816556656494,57.87001734445868,52.92539834718272,61.41910998228569,-56.951020315057946,-47.080822549881006,2.5370847635398217,-18.08759563757134,-39.00869266666683,-23.14988703680381,-60.27214069911394
-12.703656661655828,-16.804361417730703,-22.822972432180563,-81.83863894852085,34.701034130500325,88.1781076746417,-100.0,-50.06182363311435,39.80238112069105,53.88652000406063,-15.563729691589394,100.0,-94.9200625441296,42.52471213363939,24.491138478344105,-87.4946633731476,-17.32017117955158,-29.21720312665063,-50.432057820371085,-12.965238651215245,54.29900012021641,-7.866002150701469,17.606263600694163,-53.96496704490634,100.0,-50.48701187737568,40.467977857275955,24.585335237273192,92.0417452941733,70.79918411216937
47.131637315087374,-22.872620343646084,-44.79602597321872,-80.53434474345732,-65.75051064902411,-12.102087954761203,-75.3434519124188,-87.1370900054977,18.947554222674256,-78.20280665344485,38.8625651910329,-51.176297381410514,-100.0,5.026511376318744,-35.14143058670177,77.47827482984619,-100.0,65.88731059759871,96.46415449819335,100.0,97.0837878437172,45.51592987516404,100.0,-56.77660436238949,100.0,63.48649699999025,-79.60181573066912,100.0,-53.493345303648724,-100.0
52.097145538629626,54.45843013797875,26.16918871790778,-39.75776852915533,15.658065252239837,-35.44084359335635,17.462465397511757,-57.978936259890965,77.49676993423495,-10.915660945561854,17.12826831241975,67.50321421658637,100.0,47.28688579844623,-16.86553265910225,-77.63540726851758,3.2771355367254387,-67.35917351984094,-9.950528515990724,-14.31841493467742,2.1850376010932058,4.980304227142241,-44.419713688829965,-100.0,-85.50498357026989,100.0,-12.068652939838568,51.7034742010146,-19.97603688241807,-100.0
-13.394165090289212,69.93093441583196,93.91386349150227,-75.80255553747635,33.822780700789025,-79.5749143078251,-100.0,-79.04196618725534,49.89788184852433,-33.818332912368916,-60.63041532108459,7.156495928002286,10.826618924338083,7.361737642396442,-15.761737327050017,-49.63698868601656,22.88625618950818,-82.93634427317272,-75.65024885486125,36.95920412197348,24.569577085819617,56.94966683562253,-0.4095568111569783,-69.81259291547168,-52.140621466628716,-89.34621394074699,30.530107125399134,-60.21748847778994,-1.7195714693169384,-100.0
3.437020035026981,2.5590374703588417,-4.040510948287945,-89.83747353030222,-9.477424901235477,33.9641479816987,-26.676304782470474,-96.31936256936655,15.961817036189863,-56.20103724461973,63.86331698383971,-1.1601205499684397,-9.297028748264834,40.066626288835096,-86.75050503722068,-4.190360088181605,-51.07057594037359,-36.60711524212249,33.4809889218564,70.40981446104733,99.02674036546763,131.13179240432078,43.87254919773657,-53.317807563377606,22.41775007579082,-64.95832728107908,8.046745789400656,-73.65709606017813,-28.299065301550712,-68.11195736577142
-11.187511760357651,7.8885310170151435,47.53769192454106,-12.576005950463824,5.748067629873795,-34.256686563813936,-36.21881659759853,-41.47198437367523,27.0186791764189,-2.7745230082082806,-7.656071731765348,73.21238437387815,41.174721634686094,-19.45352398038178,41.57613131609378,-45.22364642379867,33.280117110484426,44.00030771843697,-90.63049083371101,-76.46870316164551,110.2943294844834,86.70546357919727,-48.67844347122639,-144.45152452581752,-101.17590136341913,-31.083197253640115,-27.43183591269083,68.64336145801693,24.17224172113572,48.71127019233975
22.491051374424387,19.321849646850104,10.1320089033943,-84.35873151791864,-18.209886164267516,7.324726630250844,-36.74041449277253,-81.00208337916905,55.62683045264238,-12.582787866226775,-5.319015236526303,86.59581192442421,-57.21944343217209,87.70685915925061,-63.337863044686884,23.821350588861915,-82.27738629819781,-56.73903132911654,98.05327136819996,93.5402121231917,-34.318380072313005,-72.35562729233442,74.63833152435083,28.67669629990592,106.28918923223623,65.79383867205797,-3.936478596437187,91.25464283090578,24.14861477479802,-66.23085785285099
-53.32919379559381,41.28960451907233,75.28618558154038,-74.18365172004619,-42.286031884247784,-49.11812721892315,7.178910229747515,-74.47377563559607,-14.139247234797352,-84.93424047442075,41.43518414941887,39.319933147608104,18.842722281025573,37.64891265366634,-94.18230953342804,21.406346151572418,-5.973322871463569,-42.495415594770876,-26.97872136544525,49.322525503194,93.85055169812979,121.91281672049686,10.977630177328084,-67.09015579705901,-46.051203839042834,-26.679209379667473,18.838835296212835,-6.48626913683222,-4.217903404272477,-67.16148302754692
50.561068220738555,23.5124542905155,16.40247329453215,-51.11102264549201,17.073840615415527,18.9404338681343,-43.231936781429944,-95.03332479321129,105.59655887674973,3.8354166761640904,-30.11630870711133,90.43253068393597,16.062833486387994,77.77065596313969,-48.9680326921131,12.815935765371696,-67.70741027512787,-53.48083808307426,127.65294423907625,56.489917811001504,-60.53433761984316,-45.85070835460236,46.68841083557209,29.60910852336341,38.10523912461926,-9.492156980893828,-4.07715355984465,26.533219782418136,-4.614941499799471,-45.176479150726955
26.144237847704346,19.075872649743282,20.222749482245522,-46.55668516636814,-34.356468953540364,-81.92315705690481,-80.09024200633132,-60.249835270685224,43.39731778971818,-46.1623451969658,-26.767820336524714,-0.4124426505581411,-28.650860489572658,-9.157001898329511,19.8713120283099,20.51426759127323,-29.317914522310446,37.19826228802441,1.5283752726801847,37.97086995539015,47.28406421575002,-11.103312178241868,41.82825697787137,-90.43802171855603,-0.10729773020211653,90.08649198849423,-74.24258854108007,130.77925612338962,-30.862566676552305,-93.02727450546001
30.204640083535665,30.057528255813665,16.465006318080228,-21.131982435679312,21.562887105020685,3.3112715185040003,-20.639247160029864,-57.44646136892875,86.19222554140669,2.375761766979682,-4.781021225801803,77.49998054714537,87.71824144098804,26.83590078044774,8.114306510713838,-67.27178453339616,17.42494615858745,-23.499020140493208,-12.349619527378508,-51.63189824075258,25.18219476876278,38.19994798763402,-46.72984679231783,-100.91910817197771,-88.08258111155168,11.365293714096193,-3.4619562814875326,20.33365145801009,-9.016184080711238,-17.640389993689922
12.379154443095365,-13.22335190897892,-4.803125333375377,-58.40608630102534,5.1980241749970055,-10.178159625283614,-92.15825795278514,-63.358979194207805,23.414162204781736,-12.37255639362442,1.8893281190020517,0.6225810593492014,-42.66417762151338,-18.285698136685532,27.68849077137314,-34.43199131699408,-20.742242299043784,35.1260603901261,-48.48247325646187,10.524234196208067,111.47202411534684,65.75420275543416,29.6660113192074,-113.1296739994325,10.059009523134621,-21.691252466526457,-45.28694401616206,34.20713153303988,-2.880982196148455,-20.69379586726402
1.22803946361865,35.45410804212249,170.87300613270483,-73.06822938675747,12.40198006529422,-194.2322859323485,-23.730925433360145,-77.12799503676001,-38.682793248170725,2.535153907551365,-51.094500760762244,98.12326257847432,-75.59207613417166,28.124267298787302,-24.436734827957558,51.430560999247824,-82.52934713236967,-29.138619063500247,-37.22532939665895,122.77491517116167,20.586464238683607,-72.55922250790258,83.80786009886415,-0.3725647752005514,31.927217358913893,18.511410721935917,-84.4439052998712,197.5159452352355,78.45811664378198,-61.313056895891236
62.89567235852119,30.66725379026924,36.953464038099796,-65.05676662155723,42.956232610895185,-1.2378855473828452,33.096620730177584,-84.42759904036721,68.1375385726457,34.779844161186276,18.293970832992944,131.3300407931008,43.52291909596435,103.22037419976209,-62.744428769990364,-47.04318140038586,-73.6813457497778,-104.85770515559608,71.9125117209874,60.381901890341574,-48.56130979084017,-61.74147886570701,23.368663173073642,8.871650969665353,21.95287869649544,54.390239810203205,-9.63500313548,57.583507795743685,31.257222414017825,-62.1109517851025
22.31737886772961,-24.469091760427105,29.707049746444135,-76.59863115181037,46.37651970429727,-4.152102524498986,-37.1497588232764,-74.63328399452372,-29.389924574107383,14.369153330462655,51.54438886808809,21.58355196934064,-43.864069530340494,-10.650172182647253,1.1811473660578002,-65.18974062053569,-39.81705333759729,8.67294814561427,-89.7761303884914,11.692249174036167,173.33922981694045,141.44966299939614,7.971603781491233,-121.43255266529346,-0.27758010597889893,-114.30181975592066,-29.602599219537787,-8.464548721461554,44.06974370140765,22.285043919238824,7.32228418672964  
-64.91176883285885,42.242717949002476,137.68047700629933,-47.44298154493393,8.827092914999335,-109.53609375039454,-25.51857330651687,-60.85651692368127,-17.454935193003237,-26.5531642719599,-24.464598499176702,82.69148742756336,26.825274397663897,5.0633739188016875,-24.215862498372193,-14.646500849258487,22.919406166013385,-30.146396643154716,-115.16089449120518,12.64838756579018,84.86580306734034,79.20256479115929,-4.012680597070666,-83.71901312224753,-91.5031772211856,-75.2205369045779,-7.527807825547722,27.952284411798402,42.08728103148414,-7.8392398939263614,7.276467844542502  
-83.48139791173372,27.236853906807795,17.08864696304554,-71.60380662584492,-50.85710138674357,37.746842483719696,-79.45431573022569,-44.39997459846031,38.92085960677702,-36.63126641599323,-29.674250150080923,100.21615726626518,-61.835568393884195,57.334398248024954,-34.35838734583939,1.626792141579454,16.257237427925713,-30.99216798917743,-15.75021237890956,4.548670021139543,20.852429739385105,-4.1720861576640615,20.073276040312273,-29.91440354261988,56.20557281265117,9.952878627363475,64.86102583831239,49.65690035616638,52.577346832639265,18.33647968569059,7.251300726012194  
28.969419901686344,36.60877568551663,46.67811119158532,-80.68856500544356,-17.647141418477812,-46.0448143600233,-66.34065082477525,-97.02822515294899,72.73322627597815,-26.528958631842897,-51.34025941144867,69.50435395120908,-59.6443257731691,81.37112214175093,-67.28789239223016,67.09791542972968,-95.25156752868223,-59.4385530503512,132.3960780210332,132.51548664395838,-77.95114193960123,-103.72090263000466,104.44522198119917,65.76185924951974,104.52012629003951,46.87258770115702,-21.838240676344697,95.22568162292826,3.432336552254471,-105.3384423587689,7.332770740116278  
-9.667444171637838,25.073508368578146,58.32342474712886,-69.22577770250578,-34.865770747001356,-80.89388060548116,-118.76321652149193,-75.76983259902076,16.60943850332986,-70.37272318797334,-45.2240520009738,-25.043879089560015,-82.93326159159983,-21.72951977592689,-3.7354680304711607,53.87898669846227,-24.284907541075633,33.80452286304633,-14.045188980255492,52.588309640739325,83.32124410175992,64.0968025178299,46.89623898402242,-69.84788769515765,19.10222204984646,-53.11633380338355,-24.985453517625466,59.2023182386382,-7.574193120170182,-61.725091733383934,7.344807859663579  
20.18899337294264,6.277198868545675,-23.44279798337591,-75.54474866404097,50.319669378784944,107.31749060658484,-41.579582869041005,-92.5280752615268,93.40365286375803,30.393163479482947,12.12144601924765,97.63974001165103,23.51781141441711,92.7412123948608,-62.50536679275572,-70.46058305826509,-44.41084445262591,-100.2014579384813,69.00371954892641,38.59410398982746,-20.70681424367466,11.88147486800599,32.19162939845463,9.392270770156479,50.176213192016775,-69.08817172810666,47.926071359797795,-95.24971339119563,14.114556660945048,-11.869440521303208,7.370140824863522  
-19.316540254566377,79.89609115817353,88.0075256381715,-76.06201826904382,10.510699142788715,-40.38936101536046,-43.170673723019945,-68.99891007731398,58.613298120415394,-27.844425292666056,-42.084730630558454,81.53630450274554,16.227354870653926,62.853711639771646,-51.61655200412585,-37.06290248275684,14.34797039442999,-111.69478855097971,-24.660155942142435,24.343361735051975,-22.02968394191836,8.73615359633827,-19.063083141395246,-29.065923183139198,-24.81163690488441,-29.526524557368333,69.00196330317141,-5.566684631603579,34.518400670890586,-70.56852527585991,7.3645626240807065  
2.7928501117705036,10.703332539221051,29.726305093982596,-68.12451883535921,-21.333750705593225,-8.596860146685014,-57.76997277083403,-84.81791107040874,54.570360077603524,-15.20666313165592,-30.28513618809121,90.56374885746688,-57.97633607833412,70.81047770634541,-54.028029709073635,54.929803370954346,-78.9941464878513,-25.66717004169709,101.16290488959356,91.58413839611919,-29.4997300343169,-63.857861435799336,89.26705944582982,38.53721357812491,92.3747737829891,20.566646610467295,-19.219284479802827,89.9727486450832,21.114866237985737,-35.27975387592429,7.306271644629369  
-7.582706071486841,6.240677200062294,12.037207678468775,-84.16149678838472,-51.09949221217863,6.8913246163237005,-47.3345706658708,-89.09117290923766,33.20839678015842,-51.23584484339132,4.307597925237058,59.58207709976086,-77.84858705192337,72.01727824109255,-84.77297396366703,78.74382396372067,-87.58262740515082,-17.604644025452778,115.34347716992504,108.74412547885926,6.42369817926285,-16.90038839830391,97.45118181500679,32.652965373140596,110.26673873553426,22.399347874375103,-9.020457030834972,73.74063354974186,6.0929033719651535,-53.00794145189886,7.393681826144098  
-2.4663511024368425,31.470153892009662,83.6423523783532,-89.26600696066171,-11.471855780102814,-60.593114975950684,-107.4106198994954,-101.11111954180859,35.647634629057784,-38.56882231613396,-68.55031319276394,40.36134326165532,-107.48298448593481,42.66898014706848,-55.50253390369676,82.39648372574665,-77.7194459575384,-31.57067324074863,75.02830359500182,118.89929586184262,-10.06357649516234,-18.981068898417625,95.33342414035957,45.955713883869855,97.03317037702264,-85.69931203507153,0.9690667829335826,50.49964701963445,29.346356296954113,-54.86602199023065,7.3425047595627095  
-13.651296351075796,7.214381491372208,-6.8435161301510306,-72.00657912250709,-12.231902700402497,46.37366078695201,-110.43142041100509,-67.20227563718008,48.89713198811098,-29.67757201771262,-19.0650448899626,22.790866517893797,-68.25180819023493,14.055219249535284,-5.898322806179454,-12.11155881463386,-6.66096797013989,3.318630305872375,-4.450445958092101,-2.000428821745082,73.57688448332364,73.94005351682124,12.203431773009015,-66.10373306277027,44.613628874073925,-82.19679131062406,39.16742172129283,-10.927552921350227,20.179682762987884,10.400780082531625,7.315350884705448  
