-13.64733257,-65.11633622,-13.0043702,27.40574344,52.5914938,56.68946982,-62.89149762,-29.53622948,80.33752955,-4.95878046,-82.57728425,-70.77599002,-62.77273095,8.99527049,63.21536604,-57.57354134,53.16157585,67.04679417,-64.37899608,-41.11585261,-33.58496762,22.8784741,-45.36335146,42.11382757,-79.49903238,4.14705112,13.94736577,-39.63195632,11.31317878,-58.08093077  
35.25195904,-50.19837627,29.63563168,-13.23128234,74.92170378,-66.39228082,-12.62351572,29.84002843,39.70602307,65.37492687,28.6144256,11.8575822,-13.75099569,26.20739988,-58.00287073,68.40187823,19.78871561,-11.50531475,71.9182686,64.54071168,4.32921762,-77.46850495,-58.05861216,40.62003304,-75.80649552,8.4515706,75.13547381,49.13647223,-58.16759247,-43.88499534  
35.25206277,-50.19836427,29.63570409,-13.23151404,74.92190742,-66.39361986,-12.62304312,29.84139106,39.70686398,65.37416466,28.61425602,11.85743102,-13.74836152,26.20918994,-58.00413353,68.4012989,19.78910795,-11.5076665,71.91731067,64.53940156,4.33088012,-77.46578026,-58.05575182,40.61814326,-75.80664523,8.44934215,75.13443065,49.13984811,-58.16690453,-43.88534956  
-12.94871032,-65.32262843,-12.86137984,27.15854449,44.21997538,68.76209506,-65.45998873,-29.4939153,76.3672887,-11.28929518,-71.95472666,-72.05692985,-64.36754891,2.90396243,65.70413552,-50.03116021,68.43549844,60.120157,-59.25073696,-42.91290582,-22.63567844,17.00433467,-58.58260636,39.7985048,-74.48693726,8.01842314,13.5202502,-45.43138721,6.98585658,-66.91748819  
-79.96769729,-24.71815269,-47.28710106,9.38273829,-29.84685974,-73.75080284,73.26115145,53.54557643,-35.13006656,-33.02157288,-46.14310253,-56.52019771,31.10326448,2.38214525,-57.71525972,-24.3550433,40.15435635,74.36655582,-8.0141493,11.78502171,61.75488839,68.71173251,69.21280478,67.68293774,-75.4700632,54.72831899,9.7631445,-17.94318175,-70.40893294,34.07786914  
-13.62600832,-65.12087988,-13.00014924,27.39711008,52.29690936,57.10750069,-62.98879313,-29.5423981,80.20774047,-5.183528,-82.21588485,-70.83862225,-62.82063819,8.78070027,63.30806945,-57.30781076,53.72144976,66.81584965,-64.21169512,-41.17807184,-33.20511917,22.67306077,-45.78711765,42.03028678,-79.30753653,4.29527217,13.94139283,-39.84055593,11.12651182,-58.36540843  
-13.53740062,-65.14933826,-12.98255036,27.36885903,51.27893273,58.58509402,-63.29445092,-29.54045551,79.71591562,-5.94128333,-80.90930132,-70.97425007,-63.02374855,8.03990258,63.60325277,-56.38637287,55.58439987,65.96574586,-63.57243364,-41.40031699,-31.86372411,21.95643601,-47.42971374,41.7520868,-78.71620122,4.7506093,13.88485037,-40.53454477,10.63120976,-59.45978649  
-79.98302582,-24.71088534,-47.28761147,9.3922465,-29.84987938,-73.750312,73.26187365,53.53810848,-35.13132249,-33.02122966,-46.14036685,-56.5191905,31.10366845,2.38188409,-57.71578729,-24.35205089,40.15251114,74.3714425,-8.0125783,11.78742899,61.75203883,68.70786975,69.21303838,67.68358537,-75.47178838,54.72741312,9.76248472,-17.94321565,-70.40934759,34.07444821  
-13.13458183,-65.26640006,-12.89935459,27.22347291,46.4019238,65.61347452,-64.78558384,-29.50688868,77.4088826,-9.63776442,-74.72810785,-71.72468241,-63.95559422,4.49397264,65.05458895,-52.00053627,64.4493945,61.9186566,-60.59030412,-42.44397152,-25.47657295,18.52816632,-55.1359113,40.38537457,-75.78826946,7.01107713,13.63645398,-43.90439773,8.10389379,-64.62383642  
35.25199437,-50.19837677,29.63628753,-13.23148928,74.92177222,-66.39251237,-12.62358555,29.84066879,39.70616712,65.3741599,28.61469717,11.85665364,-13.74969826,26.20861389,-58.00275046,68.40194284,19.78990408,-11.50657592,71.91721904,64.54011018,4.32998124,-77.46662882,-58.05748484,40.61852637,-75.80672112,8.45023551,75.13477462,49.13815338,-58.16767122,-43.88441455  
35.25189866,-50.19836557,29.63458116,-13.23116691,74.92193148,-66.39349515,-12.62224135,29.8402159,39.70688853,65.37571472,28.6131474,11.86000568,-13.75116801,26.20680047,-58.00505234,68.40089709,19.78645168,-11.50540821,71.91841687,64.54074012,4.32932968,-77.46891831,-58.05804756,40.62046009,-75.8060273,8.45156578,75.13524387,49.13698765,-58.16673227,-43.88778029  
-13.28546376,-65.22317627,-12.93072495,27.27815984,48.22703213,62.98167261,-64.23149771,-29.51846324,78.26896301,-8.25544674,-77.03828875,-71.44556749,-63.60582445,5.82197984,64.51226819,-53.64043158,61.13264139,63.43133643,-61.70694127,-42.05258725,-27.87798212,19.81339532,-52.25499606,40.90391039,-76.88373825,6.16313924,13.72722613,-42.6495799,9.05395951,-62.68685402  
35.08151350,-49.64118299,28.92050024,-13.71993939,74.40842607,-66.02455005,-11.72483601,29.55995461,39.80339703,64.30847993,28.86224132,12.20321655,-14.52878368,27.03674573,-57.49547519,67.53720753,18.54503282,-11.51053509,71.36939127,63.96684245,3.65150286,-76.73151296,-59.01382193,40.87755251,-75.20178169,8.21133422,75.52262274,48.65586819,-58.90573761,-43.87737607  
-80.09907857,-24.61787555,-47.70968643,9.43219728,-29.31975455,-73.78220703,73.14512897,53.75856546,-35.52493882,-33.45864725,-46.64686799,-56.69561864,30.73965336,3.13754952,-57.98595164,-24.29031247,40.36753196,74.94868598,-8.04638588,11.64216464,61.97692109,68.70921826,68.96960522,67.99196128,-74.80610258,54.82123950,9.59177468,-18.42021606,-70.06369372,33.36909377  
35.33979935,-49.69343026,30.03393104,-13.49781486,75.35753559,-65.91723022,-12.90776090,29.16102221,38.89414522,65.42771799,27.43330165,12.69934737,-13.90836992,26.76689917,-57.37291587,68.07697422,19.36437059,-11.11253892,72.60337785,64.44787624,3.73965056,-76.91741486,-57.77944477,40.95805687,-75.88608391,9.89007805,75.65094456,49.01659920,-58.78689692,-44.37341892  
35.77385620,-49.63262899,29.31630762,-13.97092974,75.17613288,-66.29028174,-13.17174481,28.56553799,39.09772781,65.07942104,28.26290226,11.95156405,-13.86528316,25.72680669,-57.50121055,69.13651962,19.90386569,-11.84471621,72.09103107,65.09652711,4.11115460,-76.58247768,-57.89181337,40.35567324,-75.73093799,8.12763700,74.82552203,49.02184096,-58.26072907,-43.79416696  
35.44387660,-49.46254053,29.13229956,-13.16086977,73.99700032,-66.66225048,-12.34937756,28.49918616,39.79901057,64.94922475,28.60819029,12.09723206,-13.21872431,25.92238581,-58.13671616,68.39700749,18.95722755,-10.46703216,71.59656497,64.85546536,4.83108309,-78.50748976,-57.81730477,40.44877245,-76.60469868,7.46431647,75.06278531,48.44892772,-58.02381534,-44.58214802  
-79.40189483,-24.29468165,-47.60255370,9.76977458,-29.20692728,-74.09688338,72.75914860,52.98600386,-35.14143242,-32.67692142,-46.57686722,-56.15233547,31.43568213,2.68446401,-57.88839941,-24.55576599,39.96016953,74.42953420,-8.65706649,11.70215193,62.32943046,69.04981831,69.02229383,68.23933720,-75.15292399,54.90349279,9.86327547,-17.42910585,-69.89424490,33.78317478  
-80.27817456,-24.93220770,-47.68856914,9.74750212,-29.79074637,-74.18068391,72.63715784,53.81055171,-34.89061753,-32.81290088,-45.99770918,-56.79332171,30.80142834,2.21489643,-57.47038237,-24.19543130,39.94550518,74.42586188,-8.02967002,11.96596428,61.38362011,68.61590284,69.20725228,68.15504892,-75.49419927,54.69412621,9.91981014,-17.58070138,-70.49793994,33.95178300  -13.40969907,-65.00868352,-12.66242417,27.90769797,45.94351038,65.55140093,-65.79106528,-29.75329039,77.60517248,-10.10235675,-74.68819194,-71.80444066,-63.94448331,4.28007618,64.78868024,-52.05927402,64.56043395,61.53466835,-60.51907182,-42.46129761,-24.90940332,18.47579355,-55.39847273,41.34176021,-76.80162927,7.57078894,14.0260503,-44.45494661,8.66900789,-64.43727696  
-13.24930706,-65.0717256,-13.53191415,27.76946904,47.79108032,66.21029438,-64.67626468,-29.06600816,76.90433993,-10.42941153,-74.34125764,-71.99375324,-64.62893327,4.05367701,64.4893128,-51.93332183,64.7404559,62.36253083,-60.14313795,-42.06647262,-25.5801559,18.21642762,-55.88998794,40.93519806,-75.87713552,6.80588548,14.22631215,-44.3535017,8.5212915,-64.47555573  
35.41538165,-50.23893575,29.86952906,-12.86322116,74.53185284,-66.814229,-12.69878265,29.35724959,39.78126761,65.31821624,29.93118971,11.34503676,-14.1420196,26.41937141,-57.56651818,69.54549122,20.60017586,-11.09344821,72.06479822,64.98902687,4.02405661,-77.6265879,-58.79982428,40.50560928,-75.32517488,8.34672438,74.74845234,48.95658316,-57.80555084,-44.01287766  
35.05590496,-50.93013374,29.78369182,-13.1007547,74.92426051,-66.50957439,-13.33120109,29.62970577,39.53466581,64.97378824,28.53378274,12.05960763,-12.80790274,26.29468879,-57.87409553,68.36465527,18.82933,-11.51857169,71.9483837,65.77233274,4.23303714,-77.31773128,-58.07596804,40.03569402,-75.23508411,8.82753712,75.53098978,48.6817785,-57.46619531,-44.58592087  
-79.35867207,-24.9128817,-47.50850223,9.5718516,-28.87993984,-73.71031744,73.05292327,53.97432806,-34.77100242,-33.49730876,-46.41118258,-55.97193328,31.3172709,1.14729582,-57.47427015,-23.89181512,39.73556565,74.70514885,-7.07798974,11.98320868,61.44208024,68.45050177,69.21932173,67.87182254,-75.4386509,54.97911717,9.6896718,-17.85287026,-69.92652765,33.54545356  
-13.27732648,-64.73375383,-12.4723557,28.11776984,46.68537084,65.5312243,-64.85707931,-30.47417378,77.48421212,-9.64562189,-75.39314488,-71.73732622,-63.28401011,4.12669882,64.57464163,-51.44807216,64.76651465,63.44920421,-61.2495892,-42.0837779,-25.3186275,18.55780696,-54.68065519,40.37051189,-76.75645756,6.58739837,14.3186707,-43.31838328,7.9173342,-64.37203789  
-12.39465744,-65.06801292,-13.79098012,27.10190568,46.56553549,65.86676217,-64.84938624,-29.33609328,78.46832571,-8.86449604,-75.20286737,-72.02313108,-64.01119622,3.61943792,64.3838872,-52.81138358,63.87553451,62.61345801,-61.01792438,-42.9575024,-25.03515412,18.30351413,-54.92659157,40.02128495,-76.68921344,7.24493567,12.86073701,-44.15964434,7.73741822,-64.52616318  
-12.41590367,-65.26274687,-12.23391393,27.71757422,46.51807188,65.70156498,-65.36186653,-30.25727288,77.491394,-10.06572888,-74.74792592,-71.99201378,-64.84984247,4.67262491,64.84732305,-51.96043691,64.00283436,61.75124798,-59.81011405,-42.37969602,-25.20178478,17.89273042,-53.94139332,41.30708145,-75.10655171,7.42546012,13.64402562,-43.68336072,8.62790366,-64.93812129  
-12.33809093,-65.48337086,-13.26570069,26.93433445,46.33406511,65.21672201,-64.96980883,-29.42828775,77.3511459,-9.22191013,-74.88778539,-71.82699066,-63.82006335,5.61637594,64.66078799,-51.03872406,63.85760792,62.03314182,-60.75999727,-42.85160699,-25.12702676,18.82811464,-55.37653537,39.33847757,-75.99829319,7.08067919,13.63736079,-43.52643009,9.0706651,-64.416899  
-12.54836394,-65.00070005,-12.52480175,28.12795132,46.51541595,65.47799339,-64.56243917,-28.93876752,77.65959598,-9.10744513,-75.06259526,-72.15872452,-64.22811303,3.86028149,65.10973874,-52.21554896,65.06450018,61.27304442,-59.81284278,-42.93457169,-26.09568838,18.11584066,-54.16027126,40.365332,-75.5235517,6.91913126,13.59141466,-44.15733776,8.12926577,-64.37653647  
35.62560584,-49.89319114,29.62518088,-13.17261865,75.56053623,-66.68806651,-12.34996703,29.7389321,39.59718247,65.9243153,29.02713377,12.26433702,-13.09825629,26.2179018,-57.66189424,68.24674485,19.95079879,-11.57038628,71.96676658,64.83829019,3.92010728,-76.42231131,-58.56162085,40.01293873,-75.22744008,8.84740195,75.44753372,49.45064498,-58.17371586,-44.33362253  
-12.97232267,-64.42875344,-12.45486244,27.47150503,46.42970988,65.64359098,-65.50531464,-29.69863244,77.85198358,-9.75461601,-74.70593257,-72.31274615,-63.73284077,3.76309431,65.19953036,-52.09414875,63.57775188,62.45339558,-60.67223675,-41.51358249,-24.73744689,18.0884324,-55.53177129,39.79938614,-76.58150127,6.79998854,14.35832758,-44.86185141,8.52986602,-64.23966669  
-12.49901272,-64.88096851,-12.65301135,27.26790941,45.67911881,65.19140606,-64.95718446,-29.27805045,77.44370893,-9.14601227,-74.49129416,-71.69750712,-62.81771357,4.69708598,64.83861785,-51.07055277,65.04960027,62.8267005,-60.64577009,-41.95581696,-26.20299768,18.92016953,-55.21477328,39.70784559,-75.27196926,6.10601147,12.68010072,-43.7231595,8.38956755,-64.13857451  
