-13.27648420350451,35.25194286800386,-79.98172754740334,-31.626785898723757,-56.519032231419345,-65.22581584868011,-50.19836314495587,-24.710286071476183,-16.517166398188902,6.210730562639475,-12.928918965678413,29.635054986650918,-47.28768407713407,60.49877554654658,-75.61797787120106,27.274743222172802,-13.231257472046519,9.390399299320242,-57.538094627381135,-48.30375514606793,48.119121913200516,74.92184308488804,-29.852123438444508,30.77160771811891,60.222282816920256,63.137080847668905,-66.3929364735311,-73.75122389109379,-52.82713761228674,60.50280475082363
-13.275015171278577,35.2519143035457,-79.98166531022035,-31.62686910657058,-56.51977451438182,-65.22433449995215,-50.19819273609512,-24.710130840990484,-16.518486578233247,6.210136796718586,-12.928513836537922,29.635783150404418,-47.28757047617672,60.49939097889639,-75.6193247707283,27.274972847955183,-13.23139826621394,9.389616667276421,-57.54035556520398,-48.30422929778415,48.118556028656265,74.92229869524452,-29.852421359986867,30.77122728708446,60.22253250579735,63.13626650834773,-66.39224840044142,-73.7508895595431,-52.827347642056715,60.50187923750467
-13.275432005485328,35.250322207062425,-79.98116234284394,-31.62681899724572,-56.51845784259507,-65.2266226202608,-50.199865401398895,-24.710215828892828,-16.515135096649697,6.210100881509981,-12.92891764530532,29.634578646858586,-47.28923942092304,60.49917028633975,-75.61801730754338,27.273897255633976,-13.231985376382628,9.38942488029675,-57.537352025093,-48.305504256347795,48.11672015130363,74.92174392324472,-29.853523650440152,30.76926678029773,60.22202288687432,63.138323918843824,-66.39345442185197,-73.75146824611716,-52.82738833454606,60.50426811252795
-13.27740864813288,35.251077521188236,-79.98376968455729,-31.626400518902663,-56.51784070857499,-65.22631159868602,-50.20074829691875,-24.708125948217365,-16.516347248701557,6.2108371993494425,-12.930357544869734,29.63614339465894,-47.284243833000055,60.502330097095495,-75.61766050904622,27.275430912918736,-13.232497819700042,9.391005646275094,-57.538004248715474,-48.30186854803085,48.1274517442418,74.92257069558445,-29.856597290048533,30.771244608726967,60.22265171379615,63.14247717654328,-66.3917534298968,-73.754426266566,-52.82904656505203,60.50304320169502
-13.279588023256215,35.2447768116254,-79.98319600589308,-31.623587586458772,-56.51531870108726,-65.22740095790697,-50.197013933108785,-24.7052618879584,-16.522081425690413,6.209477995982192,-12.926837331149912,29.628864019944324,-47.295703352832646,60.49544581085113,-75.62301866766208,27.276257869702178,-13.232626687196207,9.382037006419937,-57.54400553735353,-48.281734650056066,48.11992995667762,74.91434760780692,-29.857229489120982,30.76908305836817,60.225204201225175,63.13562182360818,-66.40092666372227,-73.74966114119773,-52.83621301518102,60.49556615370294
-13.276542020376088,35.251967063545884,-79.98173045680635,-31.62677621717586,-56.519084492432576,-65.225788694501,-50.19831816356659,-24.71026829889724,-16.517168881503753,6.210772651722463,-12.928963844956902,29.63534201843224,-47.28760591559589,60.498774998534714,-75.6180410004532,27.274820381340717,-13.231237531665027,9.390424612268484,-57.53808410111213,-48.303723146274095,48.11915936368576,74.92182185485888,-29.852098417806598,30.771617112452915,60.22237454327142,63.13700220278337,-66.39300191980573,-73.75115433417588,-52.827098936653556,60.5027764325927
-13.276540402510383,35.251835325759664,-79.98166298824128,-31.626816789974423,-56.51907869749223,-65.22581789246757,-50.19838888069128,-24.710427048214108,-16.517281731944824,6.210768400220208,-12.928824492370765,29.635160774716404,-47.287594137375294,60.49862742131315,-75.61789192632015,27.275228988649378,-13.231378348158717,9.390437885188723,-57.53815276703367,-48.30386982791857,48.118999383594286,74.9219399726553,-29.852081397257063,30.771707595737233,60.222335194898264,63.136952796025454,-66.39287097447102,-73.75154551990342,-52.82715127077503,60.50294876453486
-13.276696861179676,35.25200390170586,-79.98157500213429,-31.626658100451102,-56.51924317316094,-65.2258833326153,-50.19832681938528,-24.710459208399712,-16.516953948330954,6.210367422352501,-12.928708850282824,29.634880993102172,-47.28736125219728,60.49891239967506,-75.61767765297519,27.27496914344641,-13.231302521386615,9.390017048987627,-57.53831803975998,-48.30417551496214,48.11899552157097,74.92189544993262,-29.852586378903794,30.771693327042346,60.22252396714676,63.13675822428388,-66.39293365056963,-73.75159480800157,-52.8271563872275,60.502534865744416
-13.2765796553391,35.25188884663663,-79.98160695712346,-31.62660347091888,-56.51903432206389,-65.22584291055345,-50.19847425856495,-24.710342424778318,-16.517122757137646,6.210560423179997,-12.928911429553315,29.635137805232972,-47.287781937678325,60.49864991758574,-75.61800051560762,27.27495090721453,-13.231216866795025,9.390631878829582,-57.538125154811524,-48.30386707443121,48.11930180308191,74.92178790499409,-29.852019920819377,30.771577738031976,60.22235121976722,63.13702372374788,-66.39311945381901,-73.7512302452891,-52.827001181389306,60.50281785895259
-13.276457954479815,35.25196892471234,-79.98139206755013,-31.626979666776318,-56.518925487401425,-65.22612639566289,-50.19854748570452,-24.710259695223225,-16.517274242274958,6.210532324371663,-12.928934293668098,29.634863777644508,-47.287722136269025,60.49863121621563,-75.61792632423602,27.274895879428747,-13.231233765557286,9.390404090518638,-57.537946728564286,-48.30373705589407,48.11928636639481,74.92168908670926,-29.85210903216711,30.771367848746806,60.222847945686574,63.13704881407811,-66.39283735835426,-73.7513076613839,-52.826924144946894,60.502745618350595
-13.277733918385942, 35.25302024576009, -79.9803333169207, -31.627041559631736, -56.51810250993801, -65.22619093371265, -50.198909547062636, -24.712008280470405, -16.514368134925254, 6.210320657595014, -12.929478268994838, 29.634672993947615, -47.28377803635075, 60.49788200420723, -75.61788780900445, 27.27383705193412, -13.23118750515834, 9.386353671777693, -57.53903864759394, -48.30503024844973, 48.11782283538168, 74.9218963160137, -29.85471434592343, 30.77204245843031, 60.221230857793326, 63.13634126250793, -66.3929360595392, -73.75112375368367, -52.82782162397322, 60.49873694220277
-13.27647715796891, 35.24937204012512, -79.98216280244944, -31.628013365094278, -56.52000334423103, -65.2264438585468, -50.19969606263808, -24.711576457158353, -16.51610711329301, 6.210637082305191, -12.927546433693986, 29.636585379283937, -47.29132661152468, 60.49721146944471, -75.61956769073194, 27.274608388141255, -13.231412406682473, 9.385920253444027, -57.541204725973925, -48.2910451980359, 48.1199761212422, 74.92204722761421, -29.853904498154326, 30.770539070289116, 60.222081937918755, 63.13829618972398, -66.39411229527617, -73.75160673122888, -52.82695157644904, 60.50414308352071
-13.276666940393415, 35.25101527480649, -79.98137318533488, -31.626976640976486, -56.51904657657079, -65.22585300188562, -50.19859191229103, -24.71028707996426, -16.517305376680812, 6.2105247930951985, -12.928956429822203, 29.634891130120993, -47.28775212191257, 60.498656938318, -75.61797810201638, 27.274949029944457, -13.231236285882425, 9.390443818420838, -57.53795575892826, -48.30372861069391, 48.119296713527284, 74.92180230082299, -29.852017423793503, 30.771360124758466, 60.22286274515026, 63.13704434777543, -66.39283209123491, -73.75131033082532, -52.82691153978082, 60.50273840995181
-13.277059184956896, 35.2522211613553, -79.98104982761412, -31.62691296488909, -56.51898022314094, -65.22594847738323, -50.19871786005058, -24.710479812081478, -16.516998125283815, 6.210589343821839, -12.928839012947692, 29.635295372132774, -47.28752710276517, 60.49873509291271, -75.61781879612347, 27.27496301588401, -13.23126977044231, 9.390506187448638, -57.53811131297841, -48.30387670135284, 48.11932471000485, 74.92175518464754, -29.85210612768841, 30.77159719748212, 60.222473361887024, 63.13701821922322, -66.39287030204886, -73.75123366461294, -52.827027305538184, 60.50279906354167
-13.275479280711685, 35.25189000604592, -79.98147269343708, -31.62699108892279, -56.518986926227274, -65.22596839117436, -50.19873281350266, -24.71052887570194, -16.51701002159855, 6.210701213595836, -12.928936390141895, 29.63526800698067, -47.287617123581294, 60.49867074219447, -75.61798038029633, 27.274916881031497, -13.23121396861231, 9.390607344897882, -57.53811575808696, -48.30389088246561, 48.11930349592338, 74.92179601963632, -29.852010328328035, 30.77158268901572, 60.22237909304092, 63.13700572286382, -66.39312628749158, -73.7512299334774, -52.82702392783444, 60.50281131849283
-13.276192400341025, 35.251911225148994, -79.9816849482757, -31.62680120732556, -56.51909623538603, -65.22581635616177, -50.198398912298025, -24.710421520841035, -16.51727678948195, 6.210764620070201, -12.928842188476418, 29.635178365180687, -47.28758445363166, 60.49864447942991, -75.61789587011718, 27.275235835786815, -13.231373732695912, 9.390443618093048, -57.53814794318713, -48.3038642812477, 48.119005817258126, 74.92194655904716, -29.852090967712294, 30.771701236694033, 60.222334156174755, 63.13694916893693, -66.39286987703822, -73.75154837063987, -52.82714621720091, 60.50295106900026
-13.27636817929246, 35.25198199828947, -79.98150217914992, -31.62666652062791, -56.519264126935435, -65.22587593158963, -50.19832100996007, -24.710459048166087, -16.51694872982168, 6.210364938345002, -12.928706464281937, 29.63488440618747, -47.28736018003978, 60.498911348623556, -75.61767575899245, 27.274974863930563, -13.231305106131537, 9.390013529039052, -57.53831472783261, -48.30417626615894, 48.11899089193861, 74.92189603347662, -29.85258387940456, 30.7716951463928, 60.22251978896869, 63.136756188196924, -66.39293434736294, -73.75159351332108, -52.82715486092801, 60.502536591730654
-13.276252148129315, 35.25187999428819, -79.9816106583457, -31.626601210962923, -56.5190340948173, -65.22584419502923, -50.19847569914502, -24.71034243082765, -16.517124411056297, 6.210562974228376, -12.92891325344988, 29.635139007859874, -47.28778288086578, 60.49864826830172, -75.61800319246058, 27.27494906558978, -13.231217890102776, 9.390630182265547, -57.538126702573276, -48.30386762775035, 48.11929958696768, 74.92178687042055, -29.852018505202805, 30.77157652934642, 60.222350424453264, 63.13702514659369, -66.39312040419172, -73.75122916655133, -52.82700214008915, 60.50281662188481
-13.27613093028188, 35.25196117503263, -79.98139665394062, -31.62697875946896, -56.51892396350152, -65.22612919119427, -50.19854530311647, -24.71025682931102, -16.517276019435274, 6.210530848576898, -12.92893333126713, 29.634862554152272, -47.2877229824035, 60.49863026619114, -75.6179279913143, 27.274895473165136, -13.231231765306116, 9.390402355293204, -57.537944738523345, -48.30373744189398, 48.119284995276126, 74.92168796331299, -29.85210814226999, 30.771365853014754, 60.22284613859042, 63.13704801059731, -66.39283660712776, -73.7513067027176, -52.826923098106316, 60.5027444151761
-13.27700876522608, 35.252056935447105, -79.98127857624515, -31.626703987325087, -56.51885773653655, -65.22575200884102, -50.19840895808671, -24.710381949814934, -16.517085621889228, 6.210820348319159, -12.928928822727956, 29.635341561034556, -47.287409073307875, 60.49857874656733, -75.61774151712896, 27.27514296198212, -13.231306361947918, 9.390882560213537, -57.53803714431927, -48.303940780872, 48.11919640278986, 74.92171806432461, -29.85233057896352, 30.771485701375953, 60.22268608330202, 63.13688342639276, -66.39274210723963, -73.75115364711884, -52.82712295217227, 60.50266379294846
-13.276491509470407, 35.25192870723281, -79.98162133577246, -31.62681554768154, -56.51909024035115, -65.2258224829211, -50.19838816007783, -24.710425260185544, -16.51728268971239, 6.21076900857358, -12.928822639370648, 29.635159472231103, -47.28759244714263, 60.49862606117858, -75.61789015998662, 27.27522948241727, -13.231376364371042, 9.390437236490474, -57.538150726503874, -48.30386999186106, 48.11899726805943, 74.92193786213921, -29.852080466864143, 30.771706064397178, 60.22233364512292, 63.13695401389359, -66.39287200081404, -73.75154652303043, -52.82714951593969, 60.50294627541326
-13.276672874190597, 35.25197293536048, -79.98148782913406, -31.626791254374123, -56.51911233758796, -65.2258410993794, -50.1983932696756, -24.71028474963907, -16.517235204211827, 6.210735957894842, -12.928948102214524, 29.635141321606705, -47.28760483718943, 60.49868116510374, -75.6179931345986, 27.27484382791381, -13.231253770593248, 9.390410542472344, -57.53813132447432, -48.30386608067527, 48.119140103938416, 74.92183925500827, -29.852085693383586, 30.77161499129931, 60.222371084243535, 63.13703033422729, -66.39302825815237, -73.75117043181957, -52.82704519827607, 60.50278207483571
-13.276566937138815, 35.25195306721704, -79.9817365086209, -31.62679320930572, -56.51906903386234, -65.22582315718399, -50.198350138827736, -24.71031260774391, -16.51720615487958, 6.210702163490307, -12.92888377839957, 29.635107716023387, -47.28762479336583, 60.49870523107028, -75.61797741300195, 27.274860489093622, -13.231270142381528, 9.39045879882325, -57.53810391539274, -48.303891209057246, 48.119158370118016, 74.92186056400092, -29.852061293028643, 30.77159732357968, 60.22238469035265, 63.1370452172445, -66.39301678415212, -73.75114735283256, -52.82706081209956, 60.5027904087798
-13.276537055879217, 35.25193041990586, -79.98160851494414, -31.626797162143564, -56.51909872112932, -65.2258553855622, -50.19837929889395, -24.710317978254122, -16.51722840716571, 6.21075608347295, -12.928911376830684, 29.63513584992161, -47.287615470085276, 60.49868818220484, -75.61797623688277, 27.274836742520945, -13.231255265891693, 9.390434142993613, -57.53812276919294, -48.30387279873887, 48.11914867573853, 74.92184776180336, -29.85207819248316, 30.771609502495566, 60.22236802298234, 63.13701993872305, -66.39303722998465, -73.7511697823099, -52.82704830258819, 60.5027751874516
-13.276625641124134, 35.25196587232688, -79.98152980616356, -31.626777974279177, -56.519061099057374, -65.22581342559206, -50.19836107501696, -24.710293312087924, -16.517218345702156, 6.210716211638143, -12.928899641858253, 29.635124184285913, -47.287606830921365, 60.4986970101593, -75.61799122531599, 27.274848120177162, -13.231263479506358, 9.390429077086213, -57.53812512300162, -48.30387108135135, 48.119142857935504, 74.92184672069936, -29.852083057215134, 30.77161538371618, 60.2223724446478, 63.13703261223022, -66.39302548829192, -73.75116551832342, -52.82705440536216, 60.50277930275494
-13.276551264701314, 35.25194402210158, -79.98160703135808, -31.62679918644487, -56.519075282967345, -65.22583784393262, -50.19836977999497, -24.710303499246455, -16.5172276538173, 6.210728378429697, -12.928906542181784, 29.635131973158364, -47.28761116529206, 60.49869270328242, -75.61798584934729, 27.274843702962197, -13.231258217358327, 9.39043290177491, -57.53812410183075, -48.30387005035994, 48.11914467641023, 74.92184573818752, -29.85208012058087, 30.77161241015979, 60.22237036132149, 63.13702809604468, -66.39303011093823, -73.75116228706497, -52.82705134410339, 60.50277790145612
-13.276567089476694, 35.25194766639359, -79.98162214422946, -31.62679467687434, -56.51907711084696, -65.22582794167524, -50.19836370893384, -24.710302139031726, -16.51722243716146, 6.2107197169180725, -12.92890050758206, 29.635124104111936, -47.287607717414445, 60.498689563876566, -75.61798577475913, 27.27484184617411, -13.23125838335303, 9.390430653594826, -57.53812243821859, -48.30386895038135, 48.11914362430451, 74.92184484623335, -29.85207939096862, 30.77161105196408, 60.2223693902235, 63.13702636758331, -66.39303165589707, -73.75116355429391, -52.82705047016057, 60.50277710112914
-13.27656226529951, 35.25194602308666, -79.98161877700834, -31.62679651917903, -56.51907790241149, -65.2258321379127, -50.19836637830256, -24.710304918939186, -16.517224921539405, 6.210723742847437, -12.928902752899456, 29.635127567733436, -47.28760990540626, 60.498691300887646, -75.61798614102566, 27.27484273458129, -13.231259224558942, 9.390431765884677, -57.53812265987119, -48.30386945532536, 48.11914406638893, 74.92184529763107, -29.852079757689667, 30.77161175471215, 60.22236976604911, 63.1370268682484, -66.39303122681392, -73.75116295201978, -52.827050779179336, 60.50277733498088
-13.276568958529498, 35.25194850715027, -79.98162368427914, -31.626792345292176, -56.519075381972005, -65.2258257410807, -50.19836296187998, -24.710301049189347, -16.51722119714824, 6.210718839134036, -12.928899861118954, 29.63512343632789, -47.28760642515338, 60.49868825507174, -75.61798565724057, 27.27484178130094, -13.231258050675258, 9.39043021030812, -57.53812230802127, -48.30386863408514, 48.1191433546394, 74.92184453851026, -29.852078981347615, 30.77161072309839, 60.22236897757373, 63.13702603857747, -66.39303202714168, -73.75116342786741, -52.827050243267206, 60.50277697405436
-13.276570033618123, 35.25194940611656, -79.98162475343218, -31.626791449694474, -56.51907491542068, -65.22582438231522, -50.198362204514736, -24.71030017802218, -16.51722042411484, 6.210718243318993, -12.928899510184134, 29.635122990536973, -47.28760612333166, 60.49868803850154, -75.61798551204308, 27.27484147879848, -13.23125782153647, 9.390430001148082, -57.53812218418227, -48.30386851468973, 48.119143242527276, 74.92184441585361, -29.852078857660857, 30.771610582823124, 60.22236886329006, 63.13702591774616, -66.39303215673445, -73.75116350700064, -52.82705018358349, 60.50277691697055
-13.276570605661606, 35.251949720306224, -79.98162511069063, -31.626791118130535, -56.51907474874506, -65.225823922117, -50.1983619516706, -24.71029987587834, -16.51722019203065, 6.210718020905555, -12.928899387473525, 29.635122809674346, -47.287605988716545, 60.49868793924043, -75.61798544394867, 27.27484134654723, -13.231257707294367, 9.39042989973162, -57.538122127517655, -48.30386846130227, 48.11914319012415, 74.9218443596173, -29.852078801125953, 30.77161052073774, 60.22236880884626, 63.137025862321654, -66.39303221930026, -73.75116354395818, -52.8270501554081, 60.50277689317234
