6.959869260974123,-53.75139372074311,-12.494435417221043,26.772609846221425,-18.46458849573345,-74.38052974663697,53.20782201514162,60.801936459575664,-26.62523435624569,53.89225621765166,-15.804053585120114,19.850770396159163,-55.89563413791583,6.259449051661683,-67.77690451878166,69.32321485254982,13.760704833797393,-64.35527415055535,-57.61248545805633,70.55451175327038,-23.9358805052468,49.10964830903575,72.11812289030365,21.873318403558912,1.790372960443147,77.03153789539533,77.54913869773942,16.42250430241238,-58.995498683092514,-26.250261833089013
6.962265493628299,-53.748634761733676,-12.528838417605684,26.81196375188813,-18.43219545455464,-74.44248721056434,52.997432340833676,60.714541432642534,-26.722990791379008,54.104956983728876,-15.724357989655033,19.82784873005333,-56.25059857360774,6.174483720922386,-66.80266768581286,69.3489070130841,13.842726423174895,-64.28466025411251,-57.71066918695878,70.37836451313828,-23.911272852427405,48.82054410845368,72.37608805196311,21.915951453538586,1.6297571777019195,77.04719562459702,77.46010016859044,16.31866557590816,-59.150847990144186,-26.28383089999701
6.95807653615027,-53.75685203765192,-12.490116481700065,26.770765285759197,-18.47290913504501,-74.37917551273597,53.245156593967224,60.8040519936645,-26.611752969492155,53.88443841763822,-15.796379032587584,19.850154286835203,-55.88188561768412,6.279083855510411,-67.75408826432626,69.29553908791291,13.750231103465488,-64.36402294454358,-57.61505893398123,70.55378138757699,-23.93792808324044,49.11418216247212,72.11198439045617,21.8705054731094,1.784398312457576,77.0308589790233,77.54599865150529,16.418046319909717,-58.99577549867965,-26.250214145120776
6.926767241844522,-53.5712156143348,-12.345222249788879,26.75282102790475,-18.472154393846964,-74.16304852232624,53.292580725568996,60.794377632567475,-26.655944133878705,53.68631571707911,-15.872320120846963,19.924693224350495,-55.752546041680624,6.219963631540424,-67.65635719651603,69.13504935879735,13.81329248496872,-64.39541913838893,-57.336389925537276,70.79304685865064,-23.975275477775966,49.23201718610314,72.1737842174482,21.90425721586728,2.2156648484997987,77.08197242686921,77.4360785707993,16.528247151329698,-58.886737813860606,-26.34397252520999
6.940884346891349,-53.75689399670532,-12.495820669340642,26.778810153480403,-18.484002085077158,-74.37777907760028,53.25459294871976,60.793490729312154,-26.590690217643395,53.88964622367958,-15.798203827422691,19.850797520480487,-55.87392318089152,6.284368770051623,-67.75630398779502,69.29737370131161,13.741049535439512,-64.36347610893377,-57.60810774324206,70.55716749765256,-23.958000391831764,49.116276095767375,72.11179837167688,21.871604015264587,1.7880002974434415,77.03723228692543,77.54940253595223,16.411617654951723,-58.99082229580701,-26.265381959769943
6.95442679901966,-53.769201391880635,-12.488084793146376,26.77804666836209,-18.47096083112588,-74.36924385066254,53.23598280716473,60.84798581665705,-26.61151797984219,53.872930714779535,-15.796017577055592,19.846978750308004,-55.874176516819695,6.277931344960694,-67.76239916435607,69.2950580990809,13.753946506044892,-64.35620376631397,-57.61177381783005,70.54697520278144,-23.95517341859087,49.111157187999105,72.14282797039697,21.88854780090916,1.8012676130256329,77.02795433612584,77.5426158589517,16.417552935599748,-59.00501673455142,-26.264092779733247
6.964015973755701,-53.75738998930483,-12.497627788457125,26.77209160222763,-18.470846188740783,-74.37687605939783,53.233091567047474,60.80355578247154,-26.60366595346634,53.877577515246905,-15.78393342823368,19.932932784926006,-55.79852753458624,6.226297753403876,-67.74059184607337,69.35805579794713,13.59727623523394,-64.3618321040237,-57.65734575417705,70.56245417918599,-23.95510519408588,49.10461011446228,72.07244622546753,21.881854187452596,1.8098181519776795,77.11222224414578,77.5654023842012,16.46066353155151,-59.18706820552489,-26.23942914153386
7.211177886285311,-53.30108524290872,-12.508848195543623,26.754372431817554,-18.916835177920664,-74.54724683095323,52.92215641971613,60.89768793690834,-26.76986883643795,53.999344067148435,-15.620532698164565,20.09758830560481,-56.120565739022965,6.2202245342408835,-67.81500499836389,69.32811945432601,13.745690431540384,-64.43573341828728,-57.65450091920474,70.57688259060498,-24.150979735095,49.285454166654695,71.94685612955051,21.416016988227746,1.9406839920270933,77.02674004064502,77.5569115592607,16.256323940252027,-58.88057343490081,-25.130967422146917
6.957995008005052,-53.756890257498476,-12.492550422450497,26.773066773572765,-18.47570153295464,-74.3777364772785,53.2477503213582,60.804925671079076,-26.61271309599393,53.88506463114518,-15.801594179856316,19.850947479937773,-55.88265981412084,6.278629701116193,-67.7525975059774,69.2967502778631,13.750283840652134,-64.36396468836519,-57.61468393376499,70.55338385771206,-23.9382751648319,49.113376780946204,72.11252813410906,21.870526920422044,1.7844243908864112,77.03048753160002,77.54604608419365,16.417927003300434,-58.996242503928926,-26.250366573262156
6.95786778709544,-53.75660618049513,-12.492303707839488,26.77131279161372,-18.47330154462399,-74.37963108396518,53.23963787055517,60.80301975735872,-26.614225801047823,53.886199461922985,-15.79679571502262,19.850888848656762,-55.88034908648201,6.275729104265176,-67.75665685919753,69.29960639522133,13.755619372250898,-64.3598402971399,-57.613619266377896,70.55417735437685,-23.939005825868303,49.115562631694544,72.10609618165492,21.87004183926439,1.783409633501796,77.03118454874591,77.54386069592515,16.418020276625167,-58.993701208494585,-26.25183928039596
6.976948407190622,-53.760383623585625,-12.47585491776085,26.814107192966258,-18.60996225946669,-74.3623470429798,53.2284409213304,60.77425794820878,-26.605268207810123,53.90552665580009,-15.780879467037682,19.850024980126776,-55.88676734636289,6.267044069912385,-67.75590832788694,69.30814807306811,13.75523152266306,-64.36046780674509,-57.62845816434187,70.5570013952388,-23.941293325590888,49.111026252367104,72.1095729216267,21.863691360440168,1.7800138663145966,77.04196515380077,77.56605524827096,16.414927812358815,-59.00624686403955,-26.24201637270178
6.936212786783156,-53.76566811738462,-12.46349238555907,26.76014458291201,-18.462299761541463,-74.40373005438302,53.24034899638992,60.78883059816222,-26.632198325094237,53.89756803872398,-15.803608219638367,19.844611319886102,-55.698399809983044,6.281818822949102,-67.78971125117005,69.27727558029915,13.745434708371453,-64.36756986222255,-57.6376801602678,70.59204879540918,-23.92756921012558,49.13201859062011,72.14463270145609,21.868793026176537,1.8145372990834527,77.04981271967628,77.54044197055322,16.42786135488762,-59.01970455489419,-26.23266806721332
7.009963642310234,-53.71688545986735,-12.78089390230378,27.027371401424492,-18.990546452999716,-74.30544306975726,53.57815248110574,60.66879318124402,-26.709310510924023,54.34940938209357,-16.004753918318006,20.027501179104487,-55.95497263254193,6.213074533866661,-67.8384316140923,69.41532211844738,13.797563372725024,-64.31111678810124,-57.57907955483231,70.58308846975517,-23.950571522622916,49.121714995814955,72.1248078191959,21.869058379366248,1.7942856691748927,77.02202746396358,77.54164036161363,16.432111207200037,-58.981065357159856,-26.24729809094976
6.959348101040723,-53.75624526314388,-12.491792872429134,26.772437777228276,-18.473685586518044,-74.37955168402726,53.246335105209006,60.80253946475686,-26.607288269622753,53.885422763954544,-15.798890658774551,19.849130747335575,-55.880101799647576,6.2587304410411075,-67.74826248911029,69.290609384162,13.751230277312834,-64.36575733289922,-57.6064108454905,70.55438354099091,-23.94012767897283,49.11043359899156,72.11599008159627,21.8697512311395,1.7870448463997395,77.02836009389773,77.54193187269526,16.42016209892406,-58.98719458782483,-26.248801095046748
7.05489636545032,-53.780686049592774,-12.266300043777369,26.931970462345777,-18.375473407766453,-74.45079231804512,53.199471617328115,60.67649636456982,-26.657386693489148,53.95559569330815,-15.874147250190427,19.959313368251465,-55.96724229246124,6.36406093088073,-67.83539013595411,69.150115494542,13.753134692944649,-64.63012389678346,-57.507685349156176,70.74738052880627,-23.964297798403447,49.04680932789513,71.70554899760008,21.801935650556693,1.8343849087392412,77.63521948272789,77.5403293992142,16.37851930123575,-58.86239159454643,-26.186470176944688
6.955754812130594,-53.74507474076001,-12.493662290487755,26.78457621834639,-18.488762354337545,-74.33817722149679,53.36809811258532,60.790978154951254,-26.59704255497413,53.88758623089249,-15.731066636200914,19.880614072056048,-55.8924916018875,6.316902243908368,-67.72237773645634,69.35662326255681,13.791338746408384,-64.49135715190877,-57.69240342138701,70.58285595711733,-23.971278083897126,49.20765120055532,72.16466644988868,21.954765115546998,1.7648651781607374,77.05737119413192,77.48323489534859,16.419261162133754,-59.024152009396964,-26.24521143157632
7.071819552373558,-53.71462567771025,-12.367571194611179,26.957536164179086,-18.427339575999802,-74.39139862633365,53.264634317915565,60.8829961724188,-26.64250829001839,53.8871775317895,-15.809194907210173,19.87827270753821,-55.89794934315027,6.293489505435567,-67.75947446584598,69.2865161288549,13.726078339350158,-64.3909362786484,-57.61451328931161,70.54284832654334,-23.914423587707773,49.12371806727282,72.12229117507106,21.86355628057587,1.794916310183943,77.03857622427812,77.5407918826518,16.437265449992058,-58.97486706433009,-26.22757232886766
6.959777094592633,-53.7705506611391,-12.52285150317267,26.75227015565291,-18.486713030478143,-74.39055940883695,53.23662519131539,60.809091114787584,-26.611980605672763,53.892573257664026,-15.849324054452467,19.87593299627973,-55.866416472835986,6.305932992631045,-67.72701702766126,69.30998211154036,13.736742732932534,-64.35681780721089,-57.61707203527176,70.57277768509836,-23.952174507113472,49.14169803699836,72.00689479248022,21.824784819031763,1.795149732636346,77.0284044216007,77.53106621244753,16.39960372413387,-59.00646417870661,-26.24900794536595
7.019201441339918,-53.687433110402935,-12.527162561831592,26.784089726213214,-18.489552005240938,-74.41485469611465,52.89781560136607,60.80192187047177,-26.8481672948974,53.930676896828956,-16.19200986288222,19.87051855964295,-55.781731118416246,6.206322785158443,-67.67973854799519,69.40262663478823,13.911593593191075,-64.11935024720687,-57.55356085599406,70.47330123283315,-24.013522198785036,49.098345055732935,72.01592928573508,21.92000877555571,1.7442952406558279,76.97354536362052,77.52341767252784,16.409312289487215,-59.01354166487181,-26.204489365147552
6.955950423897646,-53.7588323241617,-12.492717634905631,26.776540313517113,-18.46779004585583,-74.37984783141113,53.22945915326094,60.799502819424646,-26.614311432581907,53.888897726819934,-15.802371475954045,19.849368782105252,-55.88769594442899,6.271145730671699,-67.75771017774869,69.3029274181635,13.753040065875933,-64.35949417341722,-57.6170365976668,70.55217956158629,-23.939578261030054,49.118868667171945,72.10698159140117,21.875586955435466,1.7866137625946523,77.02838406829972,77.54866663013593,16.416240401326455,-58.99268843591108,-26.250169927257726
6.788132007884921,-53.69968529505173,-12.241244578821602,26.591215071930824,-18.689410285732998,-73.88532161009931,53.10150486247197,61.0192127571336,-27.05042977983188,54.20878511134169,-15.616148430716954,19.405599168637247,-55.70343029413411,6.134224760588759,-67.8956177282993,69.13283779418328,13.83510024515459,-64.57231722840403,-58.08051328434707,70.83344520378783,-24.063197538701155,49.49410610275452,71.83770112516621,21.5163314429055,1.6080992998671998,77.08191577772626,77.6912297738853,16.64028719675563,-58.47921599887001,-25.982148023511460.0019267411587412281
7.083921455784219,-53.41360815304348,-12.910654043257165,26.226245987163903,-18.355102294711562,-74.90684112337831,53.492321540717838,60.013476188174973,-26.983294587446417,54.078749228436812,-15.126214905077415,19.765314248396264,-56.190168623098577,6.523508879296399,-67.94714670001082,69.52725437754273,13.580206910509864,-64.119284991017174,-57.49471027268712,70.1050590032613,-23.597413883902176,49.624243560083365,72.67410018206683,22.125344869457268,1.8672645979782696,77.28314715746002,77.21941722802291,16.00522438165761,-59.20754871566132,-26.6390734403312120.0016974501236558424
6.933271124992593,-53.23110386697463,-12.74060311741003,26.845045697210582,-18.732134248174184,-74.11243839202569,52.845299765771366,61.0254315420441,-26.37123984263129,53.5234175987799,-15.934801300778743,20.102102294113688,-55.42146300472601,6.553212904483088,-67.58225168876635,69.10129939021691,14.01928888473353,-63.88172008418952,-57.47953191777516,70.43109785937416,-23.72450503683727,49.33570263130593,72.02381301975929,21.983194523460705,2.0522355942078764,77.00595080522763,77.43513458915012,16.71070991252006,-58.79904297020149,-26.4220813447207930.0018221823416621296
6.472213092548221,-53.911844676903166,-12.13224238007232,26.65394389910304,-18.25212479855315,-74.54321450666157,53.67503147039964,60.89724714248703,-26.404112036106066,53.68730029270547,-15.65444314250312,19.976048309762818,-56.12272147054498,6.3777752364268425,-67.39433512025714,68.99314622005949,13.481222914707515,-64.80228053754852,-57.35403316552456,70.65583384321995,-24.15223601484098,48.95239739014202,71.98234508116618,21.79814875216514,1.6833387896752917,76.83933360199631,77.48433324370155,16.189770232717053,-59.09165470641337,-25.871210936347210.0017451885729601672
7.090998450004711,-53.64229692834589,-12.533267022763403,27.034139189278885,-18.315159181023563,-74.08564931252771,52.91016592732229,60.605737233739215,-26.888917477266413,54.12171722505927,-15.330196170403042,19.782301613741915,-55.776124049014664,6.118765774526588,-67.5451792926257,69.4100874092876,13.622326198654943,-64.02818477830263,-57.19208096022175,70.37884570839928,-23.79991437921273,49.21900300186279,71.94371319175872,22.07510922941282,1.7641995884021942,77.32222466003086,77.36609290387165,16.3609087744557,-58.76550632489034,-26.391449311213740.0018691142744003465
7.213199783235602,-53.502832112194746,-12.842067278221782,26.989209401011223,-18.14883747062444,-73.94632385732915,53.3971126601031,60.33278855872927,-26.774218183986054,53.78189564117755,-16.00234509481194,20.029090370227617,-55.50767672206069,6.46872284799156,-67.61153601225367,69.64370590116897,13.970130131837176,-64.42048581058201,-57.30320490439633,70.68715922125744,-23.92033362720619,49.05301816875889,72.31009523898235,22.28840396372387,1.9351124116842372,77.65929088817582,77.88127031219483,16.61231494618725,-59.144872204268634,-26.1953127053081730.0017460778011014246
6.94843292877287,-53.88316807712168,-12.379826622364509,26.473158988097497,-18.29486582714588,-74.5810061044553,53.39811400771114,60.49100340412013,-26.75228058287047,53.75666814425997,-15.85891399162625,20.12304425736207,-55.88239501544132,6.291377003491623,-67.82155523438298,69.2228571846517,13.793839079848794,-64.24518828000443,-57.72027206212594,70.42956124555192,-23.913544117175534,49.0734007611008,72.05005530939843,22.00798722352193,1.8762334111679457,77.01031219414855,77.66887925088987,16.3731126658017,-59.06398577873161,-26.308238086994570.0017635021889773316
6.992700124432019,-53.49655720548266,-12.467697833447174,26.635003118958255,-18.43520340332987,-74.28327407095888,53.18125435049126,60.89106448937923,-26.722376913526485,53.843240944736296,-15.704841529150366,20.082993521296513,-55.62498825816586,6.451392429078095,-67.63734233135403,69.35472926251086,13.682219984892272,-64.17196032826956,-57.53570399385943,70.79616944367845,-24.020884610618733,49.12964338240936,72.24871237791825,21.920197650690688,1.843982372839145,77.3047625571013,77.54803940012406,16.211350233079594,-59.11707767482209,-26.116835514215820.001810389239717264
6.866211880282173,-53.68212277410421,-12.631476697335846,26.693818676411783,-18.64014277516194,-74.20299112204578,53.36822131338355,60.70366282720941,-26.426713924017312,53.96821882372135,-15.512023456739145,19.82295882962275,-56.03599389233786,6.422052163740016,-67.8521122314172,69.31349164841864,13.708284038836907,-64.50784358060035,-57.455327387635216,70.63332714617857,-24.116014137942183,49.17819984637227,72.3852841002847,22.013438540287726,1.7227612034346593,77.46847976325604,77.7600918996158,16.501826588363254,-58.98815810908372,-25.956628916840020.0018388879704425618
7.064876899178535,-53.77571238376192,-12.568132312964722,26.84912278386219,-18.2156111797571,-74.16797198476258,53.06033980327587,60.95032291573718,-26.595646312823263,54.09275199393451,-15.939970130392447,19.966347251539383,-55.79033783130631,6.308192413384694,-67.78087990617992,69.18394020628502,13.928127694282946,-64.40971888849094,-57.63724617917341,70.50227328326773,-23.986511394215487,49.021756442878124,72.12449187680953,21.95141003802157,1.8014432259424187,77.2371037740198,77.7220385093601,16.325300019880055,-59.06271035127809,-26.364157013660060.0018124017048820215
7.010307154226361,-53.82147892070134,-12.598613933821248,26.55698208521657,-18.5190711078128,-74.36786219817615,53.303258201291874,60.76441452677618,-26.91752943701179,53.90210394534149,-15.74044773944187,20.041022735670103,-55.675183977394106,6.498574065733284,-67.85854777353589,69.47534020710724,13.857381738253235,-64.33008866015698,-57.603106298252296,70.71225537294814,-24.01195224406527,49.2785276767815,72.17845034781652,22.096397010401623,1.9159834480297014,77.51241629247613,77.6794356846887,16.421775849998118,-59.23787713628145,-26.163891975083120.0017569984495679447
