52.61625310454398,18.625092950340772,63.36306856341484,29.89684193346554,-58.84467632281014,2.140731078763675,-44.63660775327109,19.780844525099045,-0.9773895189582197,6.261261419110883,-17.627565242584232,17.283470214186664,69.941222812146,7.448765379447581,-26.961235368137533,-78.9684446597121,-56.12016222007545,-70.32717228287346,-72.42362312564099,62.179118235558875,-19.09737485673521,-66.80594640768166,-74.57785147836657,8.07661517363367,11.513912874940047,18.965760016762317,-13.155038558307272,38.93505299100449,72.01348030927002,-5.933137470324275
52.58878027045674,18.61366263640885,63.608409115412194,29.37405728423613,-58.82770645866054,2.1037548330175726,-44.64143355066563,19.734620163958763,-0.943553662077983,6.437825828720727,-17.64156682900212,17.48242768564189,69.8461918741858,7.445223764588891,-26.894395740216744,-78.98071172348382,-56.15768420567544,-70.48360170824995,-72.0115199987604,62.00485470421153,-18.979515119833017,-66.95262156537294,-75.1036690943666,8.037779780956724,12.400427791602024,18.984236066115994,-13.582458994211763,38.675184796445144,72.05976058043653,-5.854416406908916
52.64792578240396,18.624326604769607,63.63594606571102,29.350960103847736,-58.84495791201844,2.1382982169052673,-44.51221370554259,19.693388980465123,-0.9802021545826415,6.270194182894927,-17.628371103788023,17.49204387681858,69.90657402560512,7.434437008769539,-26.881813340077194,-78.97068736296247,-56.121057913767,-70.37587489914763,-71.98863311317403,62.13655245377594,-19.096254871887687,-66.77675497554596,-75.07147413342604,8.064647656319405,12.347163465936122,18.962007691635122,-13.573792349927809,38.7003991440272,72.01452475514664,-5.899689827198405
52.67507592779302,18.633723817592866,63.63335894018181,29.35714220410866,-58.83248836635617,2.1337953843586277,-44.506667290588496,19.69923459785726,-0.9367571125455789,6.269961959007269,-17.48127430020391,17.48712913528563,69.91360058856934,7.536513913928924,-26.928753094254127,-78.99570105247348,-56.13901831836793,-70.37444912775364,-72.02882602466546,62.13827531199518,-19.06783514073136,-66.77832541280331,-75.05794242525988,8.063544958356463,12.361514698148085,18.969143428593554,-13.566867935602138,38.70283246046232,72.01827243857991,-5.902291215519928
52.68070098348548,18.63599064807764,63.67084925319994,29.38554127020706,-58.80157598584441,2.1292038622184752,-44.516585234520086,19.68304909368913,-0.9602102806814781,6.243561511816245,-17.632617102101737,17.50803651090627,69.899506004806,7.482220986991327,-26.919811960637173,-79.01259602315629,-56.14927709428336,-70.2981295641511,-71.94182847071689,62.10221642408498,-19.146889047361345,-66.69830179480417,-75.08124413605006,8.042950215364993,12.366201191043011,18.924026277389633,-13.567405512279533,38.73709932272022,72.03225449500897,-5.86509063372039
52.687998643745566,18.664714082093003,63.63833692834344,29.35609029548165,-58.84177701613612,2.1339829072983085,-44.51237349136431,19.69515081387185,-0.9182851913536013,6.255548410042532,-17.647283417476284,17.49235160431274,69.92999396429148,7.447437400411262,-26.882511042027165,-78.99004020374073,-56.09334357726744,-70.50399150332942,-71.98623865892968,62.143537685802286,-19.11461630060153,-66.73809562542576,-75.07626072300093,8.062359627168252,12.346102946598611,18.994042811615884,-13.577145342935262,38.726819316366395,72.0295378783955,-5.894818236720313
52.421113532411425,18.62401160572482,63.63658619436072,29.355233779305763,-58.85137110052474,2.1385112177834493,-44.5023649140128,19.692655381840687,-0.9786524148952244,6.10289427718814,-17.62678932498611,17.483525615475983,70.71246350528011,7.452086898843249,-26.88241802085079,-78.96757468992121,-56.126449394060515,-70.39579495150262,-71.99754171138285,61.88957153955803,-19.10135722986839,-66.99583725933832,-75.03971685084441,8.063052229459908,12.338530599835543,18.966802589924,-13.577597986166392,38.56106674375301,71.97282400965156,-5.917831121693574
52.44329525194397,18.622216407151498,63.56801192113792,29.527287528142118,-58.8483801750659,2.131123695803198,-44.13204470171983,19.557269921130047,-0.9703902303281492,6.287976261410398,-17.620182926396126,17.085531910151598,69.87068562484248,7.449979284148334,-26.365138421944135,-78.97198412326708,-56.128459493269894,-70.47548597354012,-71.924453538544,62.09445769857267,-19.11749510252505,-66.62041569397635,-75.3461840677242,8.02228348870653,12.381491721533541,18.96320501180063,-13.56717388100562,38.715864156756645,72.02835861943194,-5.7855253572973995
52.64391232347768,18.6342952610523,63.55352227386153,29.435260824867285,-58.81724742346305,2.1673511885187953,-44.502924554630866,20.045734618451988,-0.9899773461759248,6.2809576861400584,-17.612213311363114,17.560961874834334,69.91692762000761,7.472092280334619,-26.854460145205067,-78.96879076981125,-56.10024901848944,-70.36534605500395,-71.9674179722264,62.13907786771096,-19.066195741611416,-66.76372838103056,-75.12760481997424,7.929010795813208,12.25004973324528,18.96858433091327,-13.849325693783543,38.65405414581721,72.0164592840831,-5.895439378650268
52.645223541995705,18.62004061616527,63.51719104823078,29.472255684981143,-58.83288501960832,2.1375512542700092,-44.46485977973393,19.858169341776463,-0.977509507606893,6.224942209124393,-17.590081879240483,17.496692052309193,69.90053245186517,7.409432131430291,-26.97987038172234,-78.98942673247166,-56.12765966749598,-70.23294819613271,-72.06834159292515,62.10263331439738,-19.111378224156756,-66.73700596447803,-75.18631126839244,8.034622992112544,12.146817542830576,18.97203935665259,-13.296371455257583,38.65997012175265,71.96568460193443,-5.876184287766068
52.657397199171484,18.629551569573238,63.656833343535205,29.306034970431178,-58.84423382310035,2.13732814768747,-44.50354087741747,19.699644473502424,-0.9771281504034868,6.279400262559118,-17.637172862374683,17.53599116047767,69.9067412792775,7.450831295495867,-26.877051539023334,-78.9737161452168,-56.117760495097855,-70.36721236716637,-71.98985622612142,62.136637220025655,-19.102399376280005,-66.78018250845487,-75.02675843414795,7.889822421540078,12.35318495055795,18.973156244963427,-13.530884516739764,38.70258214613268,72.01712476431706,-5.903349165226389
52.6568703400719,18.621793270170507,63.63457373803008,29.354958313891373,-58.845603466086914,2.135106637706208,-44.50807687678567,19.69979209959779,-0.9767453092496846,6.277200649119438,-17.623695867872378,17.49157577426187,69.90984657338633,7.446858083450265,-26.882950571015154,-78.97326745686212,-56.11943709848497,-70.3724377406655,-71.98505526061564,62.138304000299065,-19.095838208697224,-66.77348182294746,-75.06102281938642,8.063530280420656,12.345816748547627,18.964043830606148,-13.572268458581076,38.70339130802195,72.01586082982148,-5.895531070722852
52.664478722744875,18.566352477284074,63.59834245958415,29.405716195699966,-59.090240917741355,1.8057248357804228,-44.47093972929889,19.886945131299477,-1.2564021313345548,6.255367739826448,-17.649651153108678,17.511269855840435,69.9296635260007,7.558694556367176,-26.903928449020952,-79.00669547315258,-56.08060929532577,-70.39495934815665,-72.0931058018134,62.12833343588766,-18.832095521521023,-66.73944441873951,-75.26596587971723,8.068780327688359,12.253142127116162,18.983269142974475,-13.463737508761723,38.70731405712032,72.0389095447092,-5.930225361066043
51.23161835642404,18.620575891453836,63.57626884664109,29.531073207626076,-58.86996059650728,2.104914084098878,-44.59954996387037,19.627944221541757,-0.9704400785927665,5.071628040508914,-17.64483275305189,17.356924638269074,74.62277582849403,7.454999619838395,-26.789297286136925,-78.96718496230406,-56.14001813265862,-70.46580303492078,-72.09212000818549,60.773927605402704,-19.058354644221406,-68.10032794965018,-74.76895509242942,8.049319415998351,12.186706800304446,18.97894065759741,-13.683467889054494,38.125203370294834,71.19854590034453,-4.42331010650264
52.41517807511172,18.621969285635252,63.611391185792684,29.38903225769225,-58.851161195936854,2.1423808521762893,-44.53374076352953,19.710180957361537,-0.9822408507448879,5.945388202222749,-17.629766778658087,17.484093957194336,69.81548696746293,7.450785236579707,-26.90156420857777,-78.97088911501062,-56.122633593032255,-70.48466474925428,-72.00243581940872,62.054834459451705,-19.10372759949693,-66.87339806324934,-75.10190417249997,8.090042594394744,12.313492500122399,18.959395044440576,-13.536085208335395,38.60358644027256,71.94433303725444,-6.087927740046791
52.61584221878015,18.608964142988405,63.6942778070669,29.15086930474017,-58.85729305400513,2.1616579381854337,-44.57990083674628,19.97117429504865,-0.9926396797255341,6.453269235005157,-17.62530520742282,17.38375690476232,69.8615754407263,7.4625827821515545,-27.0151462201954,-78.98557262842465,-56.12484528948985,-70.44094019611364,-71.94965178638819,62.09000893555578,-19.11188604860708,-66.77592871995634,-74.95339728421675,8.14159556242395,12.340166407685974,18.94275001812363,-13.57834317625134,38.70246536335532,72.06225176013608,-5.886184758526272
52.67645173603019,18.622647666214117,63.68242823268168,29.342912400110936,-58.84670729450647,2.152998234859168,-44.54379502017592,19.69227041472907,-0.9832173403517288,6.27111626725151,-17.63296160808587,17.50135588791205,69.9225651967889,7.452438171945349,-26.89985240501601,-78.94101452843609,-56.14435335714911,-70.37203293048599,-71.9731917970151,62.13197096642518,-19.111732084989477,-66.77444205668667,-75.05948769328639,8.059622477373965,12.352559448433844,18.958111886509265,-13.571015712361687,38.64049946497559,71.96060942065529,-5.909960109746906
52.929512043571535,18.705137238935485,63.573367058981596,29.3956267262133,-58.96347338398756,2.0570983445434923,-44.61781865752093,19.581008639263263,-1.055967494932562,6.214237454755314,-17.380330641790312,17.47569183596046,69.93332155900711,7.285492298391723,-27.042718032896367,-79.1207040471873,-56.103227597471296,-70.35310659601404,-71.85877425435694,62.127256172033086,-19.097602307436325,-66.81381101186143,-75.01499468115276,7.868278190380605,12.49819891747384,18.98739786452006,-13.63884195632708,38.71226850141449,71.86142932718381,-6.073375126332416
52.65417393200982,18.62379579680376,63.635691592384944,29.358805291421653,-58.84454911012792,2.1341690316531903,-44.51160817136163,19.69217112844692,-0.9787859772415245,6.275283492095367,-17.626422196187285,17.478100623648775,69.9104554578247,7.448867890210786,-26.8598241458224,-78.97016787016132,-56.12106292196065,-70.37122350424774,-71.97560548502386,62.13792435301976,-19.098958226801344,-66.77168126343382,-75.10575626981137,8.058238487280601,12.352317028905757,18.966377198757204,-13.570405977421641,38.701744428745116,72.01312073276902,-5.897049993722693
52.786092752497616,18.63540637131863,63.66025687254071,29.376534638350467,-58.833480625248264,2.1272167940174986,-44.47142467129933,19.71562109489506,-0.9717744571451888,5.9793628116312805,-17.633127117094485,17.49658841371158,69.90976129942122,7.4431161758373605,-26.860130811594782,-78.9665001760171,-56.08427192553984,-70.2572543886249,-72.00407645621479,62.237334103912886,-19.105104167953254,-66.71196660853354,-75.05002408307656,8.051159549854706,12.360274792299162,18.952751092815433,-13.570736697742245,38.68515775098493,72.00424087435442,-5.9225980504494045
52.64402355088342,18.64141010522325,63.64234845889831,29.353752262821207,-58.8455910529242,2.140614748598286,-44.51113238885428,19.697227741076407,-0.9777271311120596,6.268306021276873,-17.624443568978634,17.492652454478602,69.91816493332881,7.452997926952676,-26.881239790908097,-78.9725143274411,-56.123087315764245,-70.37955176835393,-71.97953351457798,62.13830396400791,-19.09729939698467,-66.77232328562168,-75.07445943888179,8.065427418575542,12.342769723896051,18.97262878656472,-13.556426620507976,38.700317865631995,72.02476600085573,-5.892346182108629
52.650439060099345,18.65063350866055,63.63545596481939,29.35698999735478,-58.82600788117255,2.147235007516053,-44.50838713540117,19.697050708753427,-0.9697591238237976,6.277530108222316,-17.620727775748367,17.491787890654084,69.91089379924124,7.506801494688081,-26.883834963379126,-78.98115422494156,-56.12985459624976,-70.36814361338092,-71.98768036351483,62.13706525760473,-19.09379832193717,-66.76508877846615,-75.07390938584302,8.058253662481498,12.348479147899663,18.977482747609404,-13.573062669110733,38.70044069895889,72.01116830377576,-5.902123816228148
52.48492923157168,18.623365456491943,63.63441878343921,29.354224974713887,-58.84158303454548,2.136818834425326,-44.668993727605645,19.690892546259477,-0.97951488391971,6.132433190984019,-17.62627654448238,17.49159895648457,69.77622981067339,7.445834082869153,-26.881332543891165,-78.97184608682332,-56.12082100853505,-70.49768906386812,-71.98458661299203,62.024538057349176,-19.094980907682398,-66.87822886530013,-75.07282466288912,8.062351343972074,12.348348792070846,18.96057351239271,-13.573119780302099,38.60062486128735,71.92201756296834,-6.108290473525018
52.66133243316908,18.80807684814018,63.35697475235897,29.312574267225973,-58.390605763218446,2.8191703094048823,-44.51097411804517,19.11718775182727,-1.446705205219969,6.282190216575851,-17.038639040606594,17.541132944813647,69.91319231959513,6.2501902481297735,-26.969740315214427,-83.31764395813035,-55.46457652664609,-70.38044468661388,-72.09253253586934,62.131842155338745,-18.14689050641192,-66.76556606043096,-75.07861662185812,8.00075175446205,12.301156532807555,18.949882354371606,-13.546718491076339,38.6935606723359,72.01813638649583,-5.896063957057867
52.90642029586651,18.630434346396733,63.650148627729635,29.371201987618267,-58.838886855796666,2.089678989080749,-44.213820170487324,19.717628106096015,-0.9943941703589932,5.144179996042981,-17.611514198162105,17.467676552706592,69.82251931421567,7.415320653007872,-26.88813294836355,-79.05500901966953,-56.13238316984752,-70.16154731019056,-71.95547066061191,62.34639317602604,-19.076299186068905,-66.55984645874574,-75.06147060238729,8.100299722037203,12.311429346660098,18.975674339382486,-13.5945071642061,38.72753034703756,71.95232326663891,-5.969991847550161
52.65398273102093,18.623666069708843,63.63845212059794,29.35708411632522,-58.875796659593824,2.1351273021234594,-44.50958167883895,19.693985294490982,-0.9659163890823493,6.27514865406413,-17.62186271607126,17.49544301165676,69.91123898788653,7.457918093127852,-26.875680756100895,-78.94962361694122,-56.11987881146671,-70.37454508834404,-71.98578545885381,62.13658382784779,-19.10911361107686,-66.7745459524065,-75.0756682470113,8.062298322866088,12.35002565657627,18.96842619135707,-13.575527689104847,38.698957730947036,72.01681345547628,-5.897762306053679
52.22477129971482,18.63617938408396,63.79279268499177,29.141333039168504,-58.834982895926615,2.1426192428398756,-44.717827554011286,19.728125990183706,-0.9729845246119069,6.241265868580263,-17.6287367567644,17.598565353856287,69.79510198591343,7.445382992119656,-26.73715794166363,-78.96499661834629,-56.12228691203071,-70.24603810178455,-71.8472671419609,62.18095893885844,-19.104293656688707,-65.73666946526116,-75.1277333847949,8.268294951887693,11.80950866157078,18.977957240964322,-13.59562357885113,38.61445987337963,72.67896164950906,-6.072101866364551
52.613885284498814,18.626117886604252,63.605361255831845,29.330714726969425,-58.962348510290475,1.8125564540457166,-44.4790938299394,19.658106157316066,-0.335938654562638,6.327324695499142,-16.270819536134947,17.488562435422953,69.8584946717973,7.222668074948755,-26.862163662300713,-79.28715750391679,-55.88957212273104,-69.91286414783525,-71.97759627628335,62.17806699692001,-18.8311147931065,-66.82502257425817,-75.0357380318776,8.033015299575752,12.343288363751109,19.067876981240953,-13.578720181678559,38.69951868899466,71.97892336226242,-5.928483438546431
52.496353840254564,18.611118674520785,63.617155901578954,29.395489431016117,-58.833865070031436,2.0871769954127877,-44.63168293729393,19.683551185324838,-0.978414097826181,6.182647912056608,-17.627534886791537,17.465240074356746,69.86131385509482,7.468303022161962,-26.896453224123867,-78.9625090330941,-56.1176088866694,-70.42440030505325,-72.0095365636727,62.11912111095346,-19.096919657507286,-66.75628821392371,-75.08701764803857,8.045704155545845,12.349983918377335,18.941327258049707,-13.58512106255476,38.721585907316566,71.91250336093044,-5.538492179885155
52.68482541578031,19.30466508961015,63.59683724780971,29.849272967806545,-58.66344693239442,1.589291962846985,-44.536010583182765,19.08014503440007,-0.8716450743337848,6.097742158868949,-17.590808796936695,17.33506680902627,70.02810819601544,7.257791058059485,-27.6071881566409,-78.75287789299894,-56.144714071961836,-70.39882284995792,-69.73566186681072,62.07918244744219,-18.82590319492993,-66.34204015254565,-74.96046155890276,7.316302041711839,12.01640102470243,19.485106520308715,-13.489940401571763,38.65653178695145,71.7836248362301,-5.946969734329295
52.560046416856466,18.561426815378166,63.62976881144693,29.523224721957572,-58.816579387478214,2.09422633745103,-44.51408081092863,19.42267425477412,-0.9020311690513433,6.310262807541028,-17.537394945338267,17.783056961040753,69.95612982528907,7.421556838541311,-26.841503530581562,-79.00144384487554,-56.106916535760696,-70.32673526923979,-72.09048543164414,62.11925922246366,-19.099756178841385,-66.54351493899613,-75.14447219775657,8.084357043474984,12.378576198891407,18.914974211696286,-13.587321218787224,38.73420648376055,71.96546302703139,-5.917787042610556
