30274.508178734086
25487.936643772035
23190.0720192733
24566.66517366121
21127.69423370666
22727.883063314617
22727.883063314617
22846.10943873657
10616.719404844653
23225.130714298357
30274.508178734086
25487.936643772035
23190.0720192733
24566.66517366121
21127.69423370666
22727.883063314617
22727.883063314617
22846.10943873657
10616.719404844653
23225.130714298357
30274.508178734086
25487.936643772035
23190.0720192733
24566.66517366121
21127.69423370666
22727.883063314617
22727.883063314617
22846.10943873657
10616.719404844653
23225.130714298357
24566.66517366121
