-4999.999999953762199
-4470.399999942535032
-4983.457417928195355
-4999.999999776523509
-4999.999999972907972
-4999.999999938283509
-4419.899987067711663
-4999.999852714427107
-4999.999999924355507
-4999.999915682536084
-4999.999999991119694
-4999.999999990217475
-4999.999964757015732
-4999.999969215162309
-4999.999999977945663
-4999.999999841705176
-4999.999999991845471
-4999.999999982259396
-4470.399999902375384
-4999.999999990383913
-4999.999999933736945
-4999.999999953762199
-4470.399999942535032
-4999.999999990217475
-4999.999999977945663
-4999.999999841705176
-4999.999999991845471
-4999.999999982259396
-4470.399999902375384
-4999.999999990383913
-4999.999999933736945
