-702.966905377969624
-702.966905377969624
-702.966905377969624
-702.966905377969624
-702.966905377969624
-702.966905377969624
-702.966905377969624
-702.966905377969624
-702.966905377969624
-702.966905377969624
-702.966905377969624
-702.966905377969624
-702.966905377969624
-702.966905377969624
-702.966905377969624
-702.966905377969624
-702.966905377969624
-702.966905377969624
-702.966905377969624
-702.966905377969624
-702.966905377969624
-702.966905377969624
-702.966905377969624
-702.966905377969624
-702.966905377969624
-702.966905377969624
-702.966905377969624
-702.966905377969624
-702.966905377969624
-702.966905377969624
-702.966905377969624
