-357.579749583220519
-357.579749583220519
-357.579749583220519
-357.579749583220519
-357.579749583220519
-357.579749583220519
-357.579749583220519
-357.579749583220519
-357.579749583220519
-357.579749583220519
-357.579749583220519
-357.579749583220519
-357.579749583220519
-357.579749583220519
-357.579749583220519
-357.579749583220519
-357.579749583220519
-357.579749583220519
-357.579749583220519
-357.579749583220519
-357.579749583220519
-357.579749583220519
-357.579749583220519
-357.579749583220519
-357.579749583220519
-357.579749583220519
-357.579749583220519
-357.579749583220519
-357.579749583220519
-357.579749583220519
-357.579749583220519
