-382.620521167548304
-382.620521167548304
-382.620521167548304
-382.620521167548304
-382.620521167548304
-382.620521167548304
-382.620521167548304
-382.620521167548304
-382.620521167548304
-382.620521167548304
-382.620521167548304
-382.620521167548304
-382.620521167548304
-382.620521167548304
-382.620521167548304
-382.620521167548304
-382.620521167548304
-382.620521167548304
-382.620521167548304
-382.620521167548304
-382.620521167548304
-382.620521167548304
-382.620521167548304
-382.620521167548304
-382.620521167548304
-382.620521167548304
-382.620521167548304
-382.620521167548304
-382.620521167548304
-382.620521167548304
-382.620521167548304
