-185.732096057710436
-185.574835521966634
-185.695040741326380
-185.798193943133384
-185.652049252597351
-185.636342736684668
-185.493670594045511
-185.560398773750791
-185.514194645944514
-185.648824842239577
-185.664206323608227
-185.673540098719258
-185.582577582535151
-185.542845004781555
-185.618979073790854
-185.493620821358149
-185.689936126658552
-185.630616870356391
-185.469607307617508
-185.731889513741720
-185.653648904041887
-185.556923219049594
-185.675779469562997
-185.653436231863765
-185.915380531560515
-185.700399843741735
-185.519122961569707
-185.576830259424298
-185.662724341306131
-185.580271277427613
-185.561224840418845
