-676.590115272843150
-800.698280184725604
-848.758505540308761
-731.491849357299316
-732.794522911791546
-714.935629981862917
-814.379979807530958
-799.700983572267774
-822.246422259246742
-832.750785483258596
-837.399349766822297
-717.031277711495591
-656.947486189169467
-776.605401365743774
-651.628046129959785
-590.043653221780119
-792.670752302046594
-759.046816222681855
-827.270495613054777
-723.717153283377229
-757.449745209247340
-696.869495689242513
-612.924626227833983
-760.248668616156579
-528.475066135737507
-786.794810997267518
-787.339833678723153
-816.502758545821962
-836.788319877159211
-794.280572041618484
-710.575714308685178
