-99.99933379548979
-99.99006149978916
-99.98599105134473
-99.97178209805618
-99.9491644573541
-99.99867775794246
-99.99802703339341
-99.99629550353524
-99.99787055470411
-99.99680643368123
-99.99712385138601
-99.9953682749918
-99.99279578106008
-99.98843051522769
-99.99389609084471
-99.98160245800673
-99.99199722568844
-99.99441687638391
-99.9907816625878
-99.98762269471393
-99.99617322504896
-99.99234409175521
-99.98980577566765
-99.9840662948249
-99.99312908152861
-99.99583472263755
-99.98072612043892
-99.99759097365461
-99.99325490186783
-99.98505544475924
-99.99488780126302
