GNBG Log for File ID 24

                MaxEvals: 1000000
                AcceptanceThreshold: 1e-08
                Dimension: 30
                Number of Components (CompNum): 5
                MinCoordinate: -100
                MaxCoordinate: 100
                OptimumValue: -100

                Component Minimum Positions (CompMinPos):
                [[-29.72622303 -57.14740418 -60.47009134  -4.71554101  58.4072495
  -47.38104469 -52.58200834  79.11894761  -3.39773866  74.87143012
   64.02519239  57.15083536  49.18588108  -7.94409437  74.27897249
  -58.54753208  75.90043835  15.70720008  38.67312054  20.67636606
   79.64213056   7.96378007  17.92033672 -53.66479276  76.06475278
   13.0525667  -70.04482513  21.47167923  42.1231689   43.22393643]
 [-77.82411853  42.26254827   0.96476142  40.58509882  40.07040399
  -34.49363941 -21.58551839  77.4474824  -77.95446132  70.95784769
   26.61540104  63.46703045  53.33407971 -68.35219937 -23.32929997
  -30.41865794   7.12543588 -41.43834212 -30.41595204 -35.99800751
    5.3375569   25.77548642  42.07776058 -44.20718281  62.61526665
  -70.47302493 -66.92146884 -36.52709375   9.95256502   1.50441912]
 [ 51.42044005 -78.06265567  69.45545201  11.11572816  59.44804766
   61.65595304  54.38546591  78.23177197 -41.70320398 -18.80623342
   35.75164126  63.72944924 -11.79204669   3.5646382   77.22633471
   52.0830217   60.89312632  54.26754101  71.03182025 -44.02056925
  -76.85777069  20.53870962 -77.77477151  53.81700014  -7.80413344
   56.48740227 -11.05301658 -30.26005704  54.37888356 -54.94342434]
 [ 38.00490754  71.35284642  -8.34250028 -54.12826434  36.77058509
  -16.7439695  -60.28687432 -44.64800892  18.35359769 -37.24261706
  -71.53244858 -33.49175493 -11.95850295 -64.49964323  27.91054901
  -66.72968809   5.99662125  16.34924524 -50.29971499  16.32739605
    4.05009695  64.90955862  50.65065565 -65.08908192 -34.92603767
  -67.26191724 -57.2070081   49.97702495  51.37663817  76.63390733]
 [-13.27647925  35.25191895 -79.98170003 -31.62678838 -56.51905747
  -65.22582484 -50.19836618 -24.71028367 -16.51720412   6.21067744
  -12.9288777   29.63512006 -47.28764004  60.49878982 -75.61798509
   27.27480163 -13.23123162   9.39037255 -57.53808982 -48.30376175
   48.11913099  74.92185212 -29.85213149  30.77161851  60.22226437
   63.13706616 -66.39292618 -73.75123468 -52.82713287  60.50280055]]

                Component Sigma (CompSigma):
                [[ -98.90165317]
 [ -98.57889237]
 [ -98.04211047]
 [ -98.46683472]
 [-100.        ]]

                Component H (CompH):
                [[31552.24758498 98886.12002956 44789.90472406  1937.67642007
   5337.20114916 10234.34054835 53590.10469515 90340.28812687
  16536.2543575  88330.72581449 89588.72593339 11475.48254936
  23703.46099732 32665.16353231 62336.38821906 17234.87849402
  75546.54979719  1988.99350385 53883.5676031  58576.34138656
  23298.19440983 55624.46715881 10750.30541648  7198.35599467
  74382.84158166 23985.536067    1858.60164154 31736.92356981
  74533.69775622 62972.12098465]
 [68650.40626723 74816.81727233 90859.64171381 67883.87445846
  57412.1864316  41406.18472597 66379.80072733 13748.33293992
  92750.93053102 62367.59703335 42809.69089594 94948.97638145
  90338.0486767  52706.28316766  1583.10846341 13714.43782714
  75387.86496994  2622.07247679 55282.6450466  96959.60523622
  80710.71245668 13646.38611084 22571.70815145 96727.6657237
  19543.75268145 49377.47765716  7003.14434978 98861.62682509
  66923.62011243 21018.19081747]
 [83462.73256407 28045.11876245 29362.12122322 21163.59997189
  14673.71076201 69440.32137262 51489.39631672 13928.49544873
  34777.23820869 75094.4924603  96484.03987479 44991.76343586
  57368.37498774 88594.32398898 92943.79393714 93259.61370825
  92302.53053011  2831.62049559 84203.24720507 56103.46089535
  38786.67654577  5992.70903353 71299.18504929 56810.47809153
  58136.3113684  61995.95188242 48635.02474859 57974.94217936
  26492.69084672 75275.80261833]
 [ 1829.80944614 78928.14356582 28778.2460833  26555.40039056
  58930.96438479 41418.51277342 94459.53100433 80739.32147966
  75081.45950151 34890.48529944 66344.48634035 57839.3830491
    288.02983279 35727.61873049 69090.00085477 69682.11933083
  71152.76433809 24621.86054924 12418.20733868  1865.71029
  86354.32191409 12135.22423062 55972.13848843 20330.12017286
  97002.02888884 82898.26097412 60633.33983587 38014.73712118
   6634.41710801  6654.58159893]
 [75014.68135018 10323.49743176 13003.72718326 49157.82435487
  69976.13624373  4996.29594115 58655.91749516 39768.28602172
  72600.07253706 26993.51924861 62169.95032519 40814.27213933
  61714.87421716 90853.60655683 99732.2877223   6600.95127203
  12427.97192625 86002.93484034 27919.08871743 80063.46663539
  74712.41715208  4456.1433026   1256.58545993 25233.32213129
  84683.0333202  15679.98267321 56885.57485721 55095.27096357
  37009.04970721 26032.24954276]]

                Mu:
                [[0.44142637 0.27898903]
 [0.25803028 0.21978833]
 [0.39183826 0.42051979]
 [0.35740109 0.43165341]
 [0.47744239 0.47234476]]

                Omega:
                [[46.93874311 47.75792537 26.86958002 22.76940258]
 [ 5.62782078 30.04939347 32.19397173 48.34681378]
 [15.54629388 46.20228574 29.72965647 12.828005  ]
 [32.75502607 33.8704794  46.6781642  10.68482837]
 [47.70573443 22.55034714 46.3430046  11.07856211]]

                Lambda:
                [[0.25]
 [0.25]
 [0.25]
 [0.25]
 [0.25]]

                Rotation Matrix:
                [[[ 5.26264408e-05 -5.42165679e-09  4.89467315e-09  1.32794660e-05
    2.15758844e-09]
  [ 6.79890204e-04 -7.13083504e-08 -3.92740613e-05  1.73041566e-05
   -6.62181124e-05]
  [ 4.28334084e-04 -6.06115461e-05  1.43363431e-05 -1.07035315e-05
   -8.70836460e-05]
  ...
  [-9.53518937e-02 -6.11038522e-01 -1.50151597e-01 -3.86869254e-01
    1.08468495e-01]
  [-2.22405423e-01  3.75947984e-01 -4.65180732e-02 -1.68553127e-01
    9.52248975e-02]
  [ 1.06622011e-01 -3.85984520e-01 -1.91917853e-01 -4.68519485e-01
   -3.37822817e-01]]

 [[-1.51084838e-04  2.25840122e-08  4.17124526e-10 -1.69820740e-05
   -2.46444717e-10]
  [ 3.57640491e-05 -5.57459735e-07  1.28389996e-06 -2.20577030e-05
   -7.76736055e-05]
  [-1.35043268e-04  1.71774623e-03 -4.42856649e-07  1.40238595e-05
   -1.43056469e-04]
  ...
  [ 4.18698689e-01 -3.37032369e-01 -5.14354666e-01  3.42463173e-02
   -6.62965754e-01]
  [ 6.61593137e-02 -4.10557042e-01  2.12522678e-01 -5.66417174e-02
    1.42558776e-01]
  [-3.28310203e-01 -1.13018501e-01 -2.29231600e-01  2.26718147e-01
   -1.48251358e-01]]

 [[ 0.00000000e+00  6.39692682e-09  1.91364548e-09  0.00000000e+00
    2.99264092e-09]
  [ 0.00000000e+00 -1.44711729e-07 -1.53505687e-05 -2.84034975e-07
   -8.26744116e-05]
  [ 2.24781658e-10 -7.97891066e-04  5.59955170e-06  1.35243655e-06
   -9.06037643e-06]
  ...
  [-4.62659609e-02  6.45288512e-02  6.85353711e-02 -3.29770820e-01
   -9.06578803e-02]
  [ 1.19693158e-01 -2.04869887e-01 -3.39909518e-01  2.40066558e-01
    1.93079459e-01]
  [-2.45757392e-01 -1.82284944e-01 -2.53540335e-01 -1.08164460e-01
   -3.31726000e-01]]

 ...

 [[ 7.97923664e-01  0.00000000e+00 -3.93188458e-02  1.43866101e-01
   -9.28830849e-01]
  [ 4.33476036e-01  2.40693084e-01  9.52472764e-02 -2.96891528e-02
   -1.50828374e-01]
  [-2.59912786e-01 -6.50719810e-01 -8.01142131e-01  5.05707012e-02
    2.69637038e-01]
  ...
  [ 2.60502777e-05 -1.85705321e-05 -6.16627386e-05 -3.35202755e-05
   -8.02520679e-05]
  [ 2.82042540e-05 -1.08476308e-05 -6.03447278e-06  3.08576354e-08
    4.48153398e-04]
  [ 2.21279846e-05  7.91363977e-05 -2.06977036e-06  6.38869239e-05
   -1.94027724e-05]]

 [[ 0.00000000e+00  0.00000000e+00  9.93707072e-01  5.61795888e-01
   -6.35078316e-02]
  [ 2.97430525e-01  0.00000000e+00  3.05849348e-02  2.45019017e-01
    0.00000000e+00]
  [ 5.77791896e-01  6.79736481e-01 -6.71007410e-02 -6.56676298e-01
    0.00000000e+00]
  ...
  [ 1.61331702e-04 -6.69198698e-05 -2.77833417e-06  0.00000000e+00
    1.78300789e-04]
  [ 1.52859039e-04 -4.38913623e-05  6.86119107e-08 -6.66462778e-08
   -1.54195787e-04]
  [ 1.50691770e-04  3.00364858e-04 -1.09144762e-08 -1.50351685e-04
   -5.12044515e-05]]

 [[-2.35660015e-01 -6.22292987e-02  0.00000000e+00 -3.82420309e-03
    0.00000000e+00]
  [ 0.00000000e+00  9.66665134e-01 -8.42895116e-01 -9.36290216e-01
   -7.90831170e-01]
  [ 3.43996362e-01  1.72520698e-01 -3.64229749e-01 -3.47257423e-01
    0.00000000e+00]
  ...
  [-2.35327066e-05  0.00000000e+00 -2.27230643e-05  0.00000000e+00
    5.75977895e-04]
  [ 0.00000000e+00 -4.43045590e-08 -1.36490310e-06  0.00000000e+00
   -5.41038542e-04]
  [-3.17222762e-05 -4.75858985e-07  6.20163589e-08  3.11611097e-07
   -1.59715228e-04]]]

                Optimum Position:
                [[-13.27647925  35.25191895 -79.98170003 -31.62678838 -56.51905747
  -65.22582484 -50.19836618 -24.71028367 -16.51720412   6.21067744
  -12.9288777   29.63512006 -47.28764004  60.49878982 -75.61798509
   27.27480163 -13.23123162   9.39037255 -57.53808982 -48.30376175
   48.11913099  74.92185212 -29.85213149  30.77161851  60.22226437
   63.13706616 -66.39292618 -73.75123468 -52.82713287  60.50280055]]