-0.000281858829807, -0.001329575997417, -0.021172601662697, -0.206041347648153, 0.512831614601254, -1.102382547040667, -0.283838357577075, -1.462609766268677, -0.249836744716276, 0.392050221780664, 0.910049731868249, 0.505543534909791, 1.341743105211521, -1.258994153656985, 4.689282013898772, -0.689302296430981, 1.183374064172078, 7.068936108275324, -0.320659349188958, -0.513127571408660, 4.118450320959308, -1.277889794802050, -0.088970624856017, 0.534817947274217, -1.839821453467096, -2.982605194703503, -2.443565474270706, -4.796635568587462, 1.499847588565167, -1.511693887845276
-0.000232991870430, 0.010665538082492, 0.198255667751672, 1.847119946334203, -4.599906650618401, 9.856168451325786, 2.482663543632434, 12.999219938916220, 2.250305263497253, -3.537582852617390, -8.798130501898704, -3.016989622917166, -9.924000977139421, 10.730175890070285, -37.501605594065111, 5.609510370045790, -7.939446047098436, -54.781186299598978, 2.704238039213545, 3.956124924250496, -31.819058258217247, 10.004928271506998, 0.595495139512295, -4.054790554962970, 14.273311297029949, 23.109025190491373, 18.932216802252114, 37.143951144376388, -11.641135307003765, 11.779716637617241
-0.000318414719258, -0.001487969536896, -0.059192295534055, -0.301218876223658, 0.650117046091623, -1.419037837445227, -0.050023989845592, -1.929162640074544, -0.002490776800073, 0.396177749131795, 3.812468733165325, -5.856405772395618, -6.006390403617480, 1.430502071097482, -11.724748086794413, 2.545837180352954, -9.226638702431973, -24.447640724610519, 0.356734231942683, 1.579029817670332, -14.823013850692648, 4.537645933591989, 0.224000823461026, -2.223012848448420, 6.476988908016978, 10.529433638176691, 8.617394143331360, 17.248784972098093, -5.303603674797301, 5.138181356526548
-0.000833135814727, -0.004630556658128, -0.149361212189991, -0.910033129157227, 2.056113920098404, -4.476622720653117, -0.531879757203114, -6.086817521406729, -0.333492574890343, 1.344132318769880, 8.695459163884074, -10.394782516589387, -9.161779963759379, 0.821854393281988, -14.737246073462057, 3.934693713395731, -15.642974611392447, -35.039301026672618, 0.169414678608713, 2.117178181064325, -21.548096849321659, 6.626223306721840, 0.199447841080016, -3.353345122255215, 9.378385027704979, 15.217269050066960, 12.455168848936090, 25.128722780271914, -7.678573720315512, 7.331594630090116
0.000338478143206, 0.003743561607607, 0.011927489241328, -0.096388505653394, 0.353336232425399, -0.591017630283907, -0.026741219397156, -0.830238162885145, -0.087507665832533, 0.131391520775466, 1.204161811446930, -1.377564731921197, -1.265197541290306, 0.120321639521769, -1.997678099996445, 0.508378798777947, -2.131051662396303, -4.766654134636781, 0.017050530366144, 0.297354687725118, -2.926305137176618, 0.892335438907082, 0.037610641264493, -0.456679539883737, 1.270555636967259, 2.067099345778630, 1.691790245385128, 3.405348959760673, -1.042038045202837, 0.996828743676094
0.001031344718474, 0.004880321758236, 0.125194798721372, 0.871297028908216, -2.042746423502940, 4.418673270743783, 0.740055521482841, 5.927318627281331, 0.593077978143512, -1.431332980345033, -6.957899943806972, 6.142187326175687, 4.310912835014612, 1.203603541394422, 3.470248940629830, -1.567713687035983, 8.731108361730845, 13.711642719667736, 0.323568517668535, -0.748380186598574, 8.722076245227578, -2.629867638409038, -0.066754448568688, 1.497042088680704, -3.715172096167628, -6.059911910491593, -4.954998280133246, -10.135488771946683, 3.062056785029199, -2.825042626958389
-0.002269004434565, -0.007929255583576, -0.050665522423019, -1.116462979459584, 3.363338321618265, -6.732213397549480, -2.287567588342021, -6.837994666329166, -3.893847582071075, 3.817497428341042, 8.757223267789669, -0.075178490018004, -2.407204336480483, -9.756743543120244, 12.938252436121378, -8.450026427070597, -2.163931431955255, 10.930716711468662, -1.790197277803212, 1.186323303949600, 7.020738839100211, -2.992873630181165, 1.918709566843560, 0.145588972662878, -3.835192915671904, -5.177631765326815, -5.249107235363503, -8.475800930956197, 3.121606031003562, -3.378589756501038
-0.001205656543700, 0.000607934660394, 0.040537698042247, 0.002472997913486, 0.237448646551023, -0.352683835950383, -0.486941679973114, 0.163817084949862, -0.997038555473367, 0.615143616833848, -0.773124251349493, 4.143941243976116, 3.206542857156030, -3.285607082361224, 10.344628486185798, -4.012050073441387, 5.764858551035825, 18.231608894474533, -0.634260247614240, -0.608506526943629, 11.247056461614344, -3.678509517649076, 0.422941269774959, 1.465076691245837, -5.112210036337999, -8.017152473272411, -6.847754929291092, -13.168276985649499, 4.186129033278846, -4.128818163389990
0.271629012358975, 0.942125907375058, 0.168479818615664, 0.295462376984531, 0.548759178229005, -0.632407369702292, -0.654568396188143, -0.150385640031814, -0.854667034050777, 0.012308254304429, 0.205460439162174, -0.876569425201723, -1.135767368008452, 0.575231931693175, -2.001302028677429, 0.532556564296485, -1.195342687307747, -5.126416551626761, -0.028538754918365, -0.060978363197030, -3.193606064987369, 2.945151543463282, 0.211146100559887, -0.393120920519785, 3.231987648015206, 1.887991841670811, 1.396113264127585, 3.655206039935265, -1.292561385755189, 0.721240172975037
-0.116767629085846, -0.518230490422638, -0.001084744592623, -0.230108288818570, 1.202093286442746, -1.492528653987070, -0.513916278071878, -1.215078102311359, 1.223949445076855, 2.166586575642441, 4.054510799122873, -5.891988019179976, -4.597731791681788, 1.248410468151341, -11.868269844894668, 2.232935497329649, -9.098603444130063, -24.610767461912886, 0.350101098305930, 2.423909315533152, -14.502889565735140, 4.304958996258591, -1.666148456513312, -2.228194997906893, 6.905288048158170, 10.651437600164108, 7.654512567818500, 18.506679016839087, -4.895938226569761, 5.103208935310079
0.178026204923567, -1.133382532667298, -0.089939069674765, 0.590759382998954, 0.481302144752910, -0.486580094575080, -0.711254217890705, -1.286740693069497, -0.252242646156517, 0.658750444567843, 2.057912414391460, -1.299854861855181, -1.138957581046505, 0.566860269308989, -1.765668013414626, 0.932693746285338, -2.604254633690736, -4.262423561941738, 0.006902523102952, -0.114278930527298, -2.790923833497869, -0.162831146642532, -1.145491675706289, -0.332006029661510, -0.374667657790184, 1.591627632365508, 2.071327395792778, 1.900909670501910, -1.047937356999128, 1.022223213827717
0.096554033238581, 0.347884886101895, -0.192689358124534, -0.645733146242037, 1.686155098535615, -4.479013858326981, -0.322519923165725, -5.646549173837123, -1.316943046050284, 0.887558445746023, 8.797509471404517, -8.066249488812289, -10.168602679285605, 0.866178660645115, -14.703466740062062, 3.745324226952050, -15.324619477430815, -35.262623589095092, 0.138834455532058, 3.255375100297414, -21.063258982710053, 6.985856305204294, -0.153013039969331, -3.333362523719067, 10.629132618123435, 13.618469794533574, 11.966633512082034, 24.858878556188856, -8.325227562791127, 7.265371736442621
-0.016987248446402, 0.326881586454675, 0.019514728099619, -0.676926947531314, 4.515228140347595, -6.800286716402576, -2.239000488294000, -6.946807295065199, -4.846995879601181, 2.538041535595553, 8.903658090044935, -0.705115734427864, -2.918911235542261, -9.646969023234611, 11.923687965970156, -7.985737888845485, -2.220011190816418, 10.494096674140621, -1.785696042370555, 1.131103124677686, 7.060667530710462, -2.667168594406860, 2.419482838006580, -0.214180826781096, -3.413579800221243, -5.276905336488539, -4.276897547025065, -7.893923279627778, 3.447437872563771, -3.551174955488095
-0.661004271175953, -1.186820205455462, 0.188157063367060, 0.958421929371447, 0.124761864850505, -0.596431465375304, -0.860930086049631, -0.745038149134764, 0.547958402552212, -0.533972292015122, 1.558803072456179, -1.034736555721992, -0.050951064492686, 0.464893874431887, -2.695026551315841, 0.883083289822707, -2.296359290931058, -5.356234231689200, 0.053121761070109, -0.543029327582715, -3.025897129041372, 0.765334077235480, -0.572238685435423, -0.116238604142030, 2.048294817148758, 2.540185554035688, 0.437396598084710, 2.559244299034120, -1.358953384473402, 0.804987518736166
0.416725981756796, 0.555098619620409, 0.261667693193637, 3.365002118062598, -4.390733555470959, 9.449646427466135, 2.250824024156188, 12.769518214577410, 1.951043509909013, -2.911250796494144, -9.300158195981645, -4.570037264843037, -10.252131806181545, 11.312784796631568, -37.705470789814676, 5.624727727087546, -7.529924087862192, -54.792879158577612, 2.592803209916779, 5.593948219565718, -31.162385256083006, 9.713877378446796, 0.031294852825233, -3.991671524223820, 14.265070005020675, 23.411067321382042, 20.207512556052507, 36.046478756967645, -11.235957737606100, 11.670688420107457
-0.240152159259793, 0.085869899145010, 0.072347758003490, -1.105003601661977, 3.221697318188724, -6.735563714698576, -2.166886013416384, -7.828195072260748, -4.297841809762360, 3.535258527701487, 9.883110597326301, -1.462310375362875, -1.265787058508423, -9.854994027690839, 13.061433056487388, -8.762669254474062, -2.334131514011069, 9.910992495328856, -1.835444348957854, 0.819655421853255, 6.977344272717344, -3.390423782060594, 1.747535472465430, 0.323915469522589, -4.157604023828185, -4.851339210371123, -3.824569508324075, -8.506404874775278, 3.359734709214191, -3.137296208875949
-0.185505837773402, -0.048165487703159, 0.348954198251969, 1.074758405551073, -1.534354254335277, 4.650680253720367, 0.971310118808987, 6.659581263656648, -0.329418573967317, -0.410314257713566, -5.953493761730265, 5.621280284931260, 3.891882875282271, 1.358665562109586, 3.472440637429923, -0.625090620229372, 8.591916259958280, 12.045470813151411, 0.327802917675268, 0.276634994115483, 8.712629691212012, -3.413623216493889, 0.340887187487951, 1.549072292814738, -2.038197936713615, -6.407614595013513, -3.450169800233645, -10.224928671454954, 2.978894899592653, -2.925461604666447
0.130771873887815, -2.896438489518857, -0.102671786946575, -0.121634872072164, 4.259312745480472, -6.722968769651757, -1.962114739735142, -6.790455178510356, -3.380774392097720, 3.038448885791972, 8.053838899451826, 0.193178230464028, -3.293472038682886, -9.877437233332568, 13.397717426615809, -7.983498284880945, -3.124390504618134, 9.389359930160097, -1.849012967556437, 2.189655078322637, 7.053989735440771, -4.032273168475101, 1.448425379349843, 0.263516325812773, -3.954567227714705, -4.881886714862425, -3.760960607148306, -7.709498643908695, 3.117786651368373, -3.625104454296761
0.000336839736280, 0.001596135589324, 0.047786472395364, 0.301532447470130, -0.691195338998696, 1.498790227895840, 0.198555766035234, 2.019057722785320, 0.147291431679491, -0.467012772722654, -2.796831192068801, 3.161174062068525, 2.740628340251341, -0.098773664786865, 4.114950627550495, -1.103154260592575, 4.739389727701976, 10.198559890339993, -0.017139869685201, -0.623963744427144, 6.287388077687861, -1.914856359744149, -0.078503765829595, 0.988157185749369, -2.723368223550267, -4.432437747283892, -3.626793982783333, -7.311965980069047, 2.235861888132298, -2.130460858679692
-0.000143218423077, 0.002637055964684, 0.080744618111408, 0.415111017502383, -0.845503878261383, 1.913417557450918, 0.095806583412539, 2.901126111269413, -0.241830925458800, -0.356806996949345, -3.710512608823102, 5.092985327236640, 3.731050725608121, -1.153507928539355, 7.079720679327671, -2.851140510959993, 7.173644914932520, 16.084902744040733, -0.179350449183537, -0.674937919093992, 10.047846036002507, -3.180469071170890, 0.190365898687290, 1.480258290536771, -4.448702872220480, -7.087583491668319, -5.948811843683750, -11.727888969560574, 3.652263797229239, -3.509604909440696
-0.000573310232319, -0.003074752142169, -0.088943887869783, -0.578230642124737, 1.328740503807218, -2.886289834877689, -0.414973913350053, -3.907355098676874, -0.294064255930408, 0.895400933066838, 5.026072276196857, -5.257286045253494, -4.211303028621138, -0.158882514657854, -5.581215416434393, 1.755331089587912, -7.712449731882920, -15.193021321560785, -0.061564979853671, 0.877473381591294, -9.451046275264845, 2.900889497781904, 0.063511645775961, -1.520792228395800, 4.091066470494269, 6.639379795239996, 5.433159172233019, 11.024426982662987, -3.352638251594072, 3.163612558613483
0.000433693410269, 0.007614990781335, 0.159730636992441, 1.332568060921915, -3.251514854661842, 6.988974673515219, 1.563785510211297, 9.270203035982682, 1.376448532928976, -2.426956299814236, -7.827776059150914, 1.812648709837021, -2.417924198325771, 5.706809789530219, -15.897127339674617, 1.824956733675577, 0.850945169125463, -18.664885196475097, 1.448909875692027, 1.475437156530823, -10.441698879810113, 3.342594418561831, 0.246290618819714, -1.127306578858196, 4.787975504657936, 7.728230875500465, 6.336477003158201, 12.213480138066373, -3.888135169959380, 4.078620176998324
-0.001236700065112, 0.001498724915521, 0.075543144848178, 0.386140519863318, -0.674206792137362, 1.678470979554012, 0.131047368944515, 3.219921318821555, -0.778623275110647, 0.088305553270146, -0.143737719870138, -1.566743198455285, -6.218390059561763, 0.630587468517668, -12.635895168068945, -1.321523625163124, -5.092247827481870, -22.386702737879247, 0.488582970271318, 2.590675303305105, -12.671915793058892, 3.597305592069304, 1.247809956929672, -1.984098346616154, 5.346227843870764, 9.164342389006791, 7.011370378047637, 14.654444053930604, -4.363437360568518, 4.307014055482760
-0.001610386892754, -0.006416177752186, -0.095936177191611, -1.021775820283381, 2.763728503539987, -5.697598136496822, -1.482252403124040, -6.493437763407350, -2.260750911241161, 2.682991369804483, 8.728892735508033, -4.808670219378328, -5.505455760153204, -4.904454084023151, 0.243797981887653, -2.769288076607282, -8.346624028034910, -10.155237575319525, -0.891344282615830, 1.613296456282967, -6.083479801498980, 1.419303007363069, 1.130102645632903, -1.459334584212623, 2.225733622709356, 4.177290582683575, 2.871654394982407, 6.938233817530190, -1.832320630992484, 1.534056996544676
-0.000918046539354, -0.001881474218422, -0.018235574850609, -0.587954112001903, 1.803831799247611, -3.550410006584429, -1.116215089625804, -3.725327241421155, -1.921751965577485, 1.907696027990852, 4.843920799554006, -0.749955376780392, -1.815521343274234, -4.639355874349295, 5.199825551840778, -3.808603941049512, -2.146896156376762, 2.797781420006174, -0.853847514293264, 0.725741445829811, 1.867094589148485, -0.979915265211574, 0.944096939763412, -0.166451233856307, -1.189863134003730, -1.424077752472222, -1.652971893398963, -2.320080702600848, 0.964388228070078, -1.111649904988440
0.067799971446451, 0.027136951722966, 0.094963809407767, 0.749232053252307, -1.963485062376286, 4.401433778648100, 0.812744016266500, 5.825142436933724, 0.661862616427456, -1.637025828192535, -7.164527869853849, 6.295814141639468, 4.076822063577026, 1.141341812165798, 3.532075264480039, -1.442549320815360, 8.777287995230301, 13.817620756094030, 0.299900451518877, -0.657868467248193, 8.723314028376267, -2.780783695513335, -0.139834168194326, 1.479208857894257, -3.529810041307073, -6.192449300741217, -5.223365691860714, -10.075780559499414, 3.151096009522909, -2.841273865132909
-0.022512020990558, 0.019932026103021, -0.048190309655036, -0.908324439213700, 3.503570336100523, -6.734433785966656, -2.249773255215487, -6.668979654729597, -3.824466328655291, 3.905463975970164, 8.708334943068785, -0.402143050437743, -2.671858683046203, -9.747994811101318, 12.954874755793707, -8.406724484219119, -2.113655343478271, 11.130775052852002, -1.777781558294942, 1.072817014482943, 7.010553085333493, -3.134968349027687, 1.654075178436685, 0.127387915058755, -3.522622311512031, -5.041884264058744, -5.335747350282119, -8.663314905817373, 3.115531487362155, -3.338239329715414
-0.032617450613085, 0.221513677011728, 0.010873517361192, -0.296597026912480, 0.830047109338267, -1.412594703700737, 0.030652468751793, -2.143025788026783, 0.225779002549928, 0.514453692891692, 3.836919050186118, -5.737614385667186, -5.805667755263620, 1.441922289027492, -11.696183169067545, 2.679925167448900, -9.112522691975073, -24.314005490470361, 0.327742532206488, 1.580481098672557, -14.774052076476510, 4.627471670584754, 0.206242189005529, -2.211789840556422, 6.304938259451077, 10.655667962693819, 8.644012177066166, 17.075499203256783, -5.200129215554739, 5.224125747698242
-0.005802834820896, -0.004298675721358, -0.038803643023931, -0.309016560917918, 0.661592677802915, -1.407193408696283, -0.028872553607243, -2.047514962657779, 0.112478955394579, 0.503822147432331, 3.766550568717264, -5.694174695283337, -5.892186297468633, 1.355323318678508, -11.732446294708215, 2.311235587603925, -9.196078472875925, -24.418663187293511, 0.328088919954268, 1.769552193112041, -14.780172455904294, 4.431747786634944, 0.403763327777000, -2.293718327580809, 6.472507283558713, 10.356316206162710, 8.791278216391376, 17.255291932801015, -5.343515217105001, 5.222949585268754
0.022042496147652, -0.070103690419032, 0.066544002866928, -0.276121632724994, 0.405620915649543, -0.575293993809517, -0.056501207615113, -0.765741381767278, -0.289609664773451, 0.113262949880735, 1.322838690945169, -1.377624757701767, -1.526249234084851, 0.192869120197159, -2.030488370374577, 0.310032927185162, -2.231442351196783, -4.786231788525193, -0.002531775932158, 0.125613950822192, -2.887539631454620, 0.852506217280791, 0.118053090681734, -0.385944827331112, 1.419612316036066, 2.247884458551411, 1.577488512856313, 3.385155012138057, -1.041324757366855, 0.995653353173648
0.010863157228854, 0.156888475810419, 0.040791449635822, -0.341028896463456, 0.565588766485099, -0.594140944142217, 0.035928211583631, -0.649422479402006, -0.232361628569876, 0.441918627958174, 1.088598504606814, -1.564887902951611, -0.990087424617897, 0.154724123708327, -2.017275595904451, 0.283751798837443, -2.164557160642147, -4.601973535474315, 0.016544676485263, 0.286229872123670, -2.977519974320318, 0.546004593983923, -0.121895377683401, -0.485588274479330, 1.466290452547682, 2.052852188884415, 1.716822883806010, 3.210406491720093, -1.167678249466558, 1.062554789583359
