-0.000049444537098, 0.000087731390447, -0.000005600704469, 0.000012784187199, 0.000025282939021, -0.000021001641244, -0.000009684637476, 0.000008499421234, -0.000024020304778, -0.000011905573508, 0.000013223090036, -0.000001038872604, 0.000001076569369, -0.000030456390228, 0.000028376607638, 0.000005879608757, -0.000006612080590, 0.000004406375112, -0.000002716797367, -0.000016668729934, 0.000014177888168, 0.000003933147894, -0.000025318683356, -0.000003348610065, 0.000005035028153, -0.000036132301183, -0.000009515886752, -0.000007335983724, 0.000013535003191, -0.000028728023516
-0.000024747897086, 0.000024036710133, -0.000001174719699, 0.000014045408044, -0.000040690306605, 0.000009243230181, -0.000002290732908, 0.000007902908116, 0.000046430448208, 0.000039119123180, -0.000018174220905, -0.000038402452475, 0.000031214321528, 0.000004672136002, -0.000001677870770, 0.000014858283869, -0.000013577590437, 0.000012955352247, -0.000019032560735, -0.000028021829813, 0.000002192409490, -0.000003264231282, -0.000010268037443, -0.000003008470500, -0.000002576294591, -0.000003604001165, 0.000009166554324, 0.000016121878247, 0.000015089606663, -0.000003258199747
-0.000065875689842, 0.000039150237530, 0.000074282130981, -0.000071804177489, 0.000007128320473, -0.000077931940453, -0.000073742271013, -0.000021029561317, -0.000027902999662, -0.000003780702301, 0.000035632257514, -0.000117195638332, -0.000103603974470, 0.000107519299211, 0.000124503206884, -0.000077618852444, 0.000099599471397, 0.000123043839864, 0.000019982795447, 0.000084259498351, -0.000163964064100, 0.000023592662671, -0.000068903645243, 0.000017496407850, 0.000126289386742, 0.000135278577140, -0.000006988678326, 0.000053006801036, 0.000022026801261, -0.000026580314540
-1.857314336556001, -0.284856697063244, -3.852249477707090, -7.405098717441014, -1.762747749423060, 2.944612092919513, -3.164669415221113, 4.246306859550295, -6.352325454415386, -5.294140915976733, 0.134688189801892, -5.917125361624997, 0.348819778753089, 2.728630946893785, -5.530501511615121, 8.291950765901500, -6.533530109831773, -8.896187349056447, 2.232660342568137, -0.301211334817395, 1.112006132822799, -10.133910131092762, 6.932657112223879, 3.396161952782492, 2.594744557589252, -7.287783040981232, 3.502428902349639, -4.778966793942146, 0.465408572425943, -22.273289862842834
0.000008689479458, 0.000011081707942, 0.000002598498540, -0.000004348804710, -0.000000007183242, 0.000002856405374, 0.000000946416222, -0.000027977524894, -0.000009409465591, -0.000033149038757, 0.000010470872390, -0.000000209826979, 0.000031536056845, -0.000001294189016, 0.000025686370016, -0.000019796044956, -0.000015640663030, -0.000033614951434, 0.000040332942287, -0.000034072412369, -0.000001847347988, -0.000006283115312, 0.000011946508010, -0.000002176728373, 0.000003051888569, -0.000004948235244, 0.000022386881565, 0.000036798798696, 0.000010199146303, 0.000005018956145
0.000026555315259, 0.000072347835744, 0.000101266754911, -0.000065447489300, -0.000001055302175, -0.000092513742999, -0.000007154388172, -0.000083386261075, 0.000033282102677, 0.000019098504815, -0.000024816744492, 0.000011741657360, -0.000033051461838, 0.000042283495271, 0.000022765151371, 0.000025470933448, 0.000051622395148, 0.000025532984338, 0.000012208231038, 0.000031847052735, 0.000010114217382, -0.000042806181341, 0.000053633682910, 0.000013926982547, 0.000001747545667, 0.000013703193680, 0.000090363154360, 0.000012108741156, 0.000130035911468, 0.000037948818509
-0.000042108574888, 0.000010998618944, -0.000030524504481, 0.000048002969804, 0.000063929673285, -0.000084781105201, -0.000063129601628, 0.000071432509969, 0.000041523866209, 0.000120134428208, 0.000025371316987, -0.000020695381131, -0.000061929853050, -0.000012367349002, 0.000028454057329, 0.000002766525206, -0.000102023650292, 0.000080915525444, -0.000039179187647, 0.000094722071575, 0.000062752765196, 0.000008157206310, -0.000058956770161, 0.000015542220268, 0.000082977211875, 0.000052434107438, 0.000129829062464, -0.000010001611763, -0.000028279538910, 0.000141509490362
0.000026016661053, -0.000006001095578, 0.000012759651618, -0.000036831185021, 0.000003928620771, -0.000009927679400, 0.000013129429348, -0.000017232415878, 0.000033156144539, -0.000045757567221, -0.000006570549083, 0.000006943035700, 0.000006596211289, -0.000012495774273, -0.000030160091079, 0.000016837549246, -0.000021810986638, 0.000028754764813, -0.000014359729541, 0.000000776285372, 0.000006409105978, 0.000003052182123, 0.000015863072292, 0.000003220696499, 0.000007883189426, -0.000032699784903, 0.000017259309750, -0.000024640538388, 0.000023791500155, 0.000041641867348
-0.000007035840582, -0.000012923376595, -0.000011786436303, -0.000006289636312, 0.000009871959861, 0.000028360588644, -0.000003366522350, 0.000006995959360, 0.000043268970494, 0.000004539503529, 0.000021120022616, -0.000008874094071, -0.000012643829280, -0.000012206416955, -0.000030356864592, 0.000032891433634, -0.000026825462136, -0.000003791770425, 0.000021069507985, 0.000007126040352, -0.000013832221406, -0.000023230363567, -0.000023984797778, 0.000002007613489, -0.000008231430087, -0.000010340308016, 0.000015830454201, 0.000017270734826, 0.000011106549238, 0.000017770190652
-0.000078595721902, -0.000182001115899, -0.000077626438966, -0.000095904218121, -0.000048467032915, 0.000135555863594, 0.000150563193472, -0.000002203373683, 0.000055050749545, 0.000035834213683, 0.000072621503755, -0.000066174160253, -0.000021522497729, -0.000003171200901, 0.000255465580139, 0.000107125550372, -0.000008622686124, 0.000106942010603, -0.000023705086404, 0.000198144789717, 0.000162383038727, -0.000082817113693, -0.000141715425968, -0.000091630063352, 0.000003198426043, 0.000255535506263, 0.000094990310691, -0.000057154043049, -0.000148877483340, -0.000002089774277
-0.000013558755967, 0.000089874417363, -0.000048846696373, -0.000085125623189, -0.000077074769955, -0.000013987702104, 0.000000660159756, -0.000058032521821, 0.000127951708329, -0.000014899186688, -0.000090045694584, -0.000024578773719, 0.000023369617914, 0.000035124338918, -0.000058152699516, -0.000008077395606, 0.000022549252364, 0.000019835288612, -0.000057856470121, 0.000013771304600, 0.000068573508130, 0.000061262126479, -0.000042644969938, -0.000009435643477, -0.000008902990317, 0.000005621645165, 0.000021205102222, -0.000007727135156, -0.000003114810980, -0.000015605102774
-0.000001869856291, -0.000025376091070, 0.000013867309484, 0.000007716859180, 0.000020842767572, -0.000008806581945, -0.000017118957800, 0.000021064816202, 0.000003284985262, 0.000011796812096, 0.000023784779472, -0.000041378126042, -0.000001036304116, -0.000004085699171, 0.000014609798974, 0.000011357665173, 0.000001639562029, 0.000030355162636, 0.000013699133309, -0.000015289166708, 0.000050822044606, -0.000020628760581, 0.000006607208064, 0.000021796073327, 0.000036917173603, 0.000004367565630, 0.000013162193564, -0.000034125047161, -0.000014909065314, 0.000027073527626
0.000007258979650, 0.000000859988223, -0.000021425832202, 0.000008433848915, -0.000002178371037, -0.000002879107157, 0.000042358701052, 0.000004880831668, 0.000047235906585, 0.000004182424746, -0.000001728769945, 0.000025243881929, 0.000001753092782, 0.000004987565865, 0.000001417365354, -0.000020054643567, 0.000030924335391, 0.000035352606986, 0.000001045523669, -0.000001856864326, -0.000004655314385, 0.000004087988330, -0.000024727476742, 0.000011342333266, -0.000060696860615, 0.000029366815987, -0.000012338871811, 0.000026213967665, 0.000007754762038, 0.000036844355051
-0.000008087634995, -0.000175663822656, 0.000772298599983, -0.000421330969807, 0.000033404614687, -0.000149015578401, -0.000129885854420, -0.000124525516732, -0.000225522720299, -0.000316155552483, -0.000040273696705, 0.000375598022771, -0.000344362794785, -0.000142985057998, -0.000431563973329, -0.000005764491750, 0.000846761544182, 0.000217708927892, -0.000007649098004, -0.000237396403229, 0.000171196151172, 0.000311391084480, 0.000182407599951, 0.000619122066297, -0.000274874818757, -0.000531810123796, 0.000304072864791, -0.000065138031655, 0.000337500336840, -0.000226198670141
-0.000005355557334, 0.000026128219087, -0.000007832774834, -0.000010490837878, 0.000004335038767, 0.000035672928718, 0.000003823172008, 0.000059697425137, 0.000018469117748, -0.000014771167308, 0.000023183160401, -0.000027402637464, -0.000008743917224, 0.000005015391906, 0.000002921978030, 0.000008959748349, 0.000007797137030, 0.000007197443765, 0.000005798975096, -0.000005807040857, 0.000014907098688, -0.000009944048458, -0.000021756176949, -0.000013740124132, 0.000031806666598, 0.000008174324392, 0.000019638263751, -0.000017575759010, 0.000000407794502, -0.000006621832334
-0.000031736298766, -0.000121129063412, 0.000002725314211, -0.000026544970616, 0.000020091461991, -0.000002492754504, 0.000039788160663, 0.000026180071920, -0.000014969526461, -0.000072750164890, 0.000042135055615, -0.000000714905397, 0.000034791999326, 0.000066431309498, -0.000057415825289, -0.000026698413237, -0.000000055677802, 0.000078020349434, -0.000032832998990, 0.000029573490556, 0.000082628181374, -0.000011745445775, 0.000025658093264, 0.000020415252678, 0.000000443307854, 0.000007356138809, 0.000022565968646, 0.000013114392043, -0.000016183684693, 0.000057752743054
-0.000025608362861, 0.000008946083629, 0.000020272686470, -0.000007005232991, -0.000024870340347, 0.000027338138125, -0.000014020396321, 0.000002197122264, -0.000027600943348, -0.000007974473348, 0.000024962256340, 0.000040490869381, -0.000019190748038, -0.000006330633566, 0.000025042724936, -0.000018600176993, 0.000026646538593, 0.000000214573234, -0.000010018573592, -0.000026353812725, -0.000010602615731, -0.000034535205799, 0.000001322484451, -0.000007599269964, 0.000000592536168, -0.000029571277985, -0.000008034847603, 0.000005064856648, 0.000009468492109, 0.000010299387725
0.000012739919541, 0.000002715510437, -0.000030432133229, 0.000025514793482, -0.000007011187353, -0.000005362896076, 0.000007618888134, -0.000013701024812, 0.000010368404112, -0.000014057078594, 0.000046832493680, 0.000002067055213, -0.000027326346963, -0.000004201218875, -0.000000038939156, 0.000000754283995, 0.000005210211498, 0.000030331489214, -0.000000491363771, -0.000009122996211, -0.000004008049089, -0.000009053307224, 0.000036660473725, 0.000015269207978, 0.000002628940805, -0.000009128443139, -0.000014862876201, 0.000013873913211, 0.000009757823364, 0.000008771787968
0.000042514518157, 0.000035435257281, -0.000043300608056, -0.000019098755248, 0.000047859165942, 0.000041118886301, -0.000026611240571, -0.000028683552550, 0.000085609102577, -0.000051074965654, -0.000036043395717, -0.000026971677840, -0.000012853358925, 0.000029716665199, 0.000037219476546, -0.000031416834986, 0.000015056357626, 0.000011219480029, -0.000000537732902, 0.000001289343928, 0.000031084758774, -0.000000137674874, -0.000011110455034, -0.000003204685598, -0.000005583855057, -0.000043754203922, -0.000026889360708, 0.000046319408025, 0.000036824145425, -0.000017767185739
-0.000014647257018, 0.000024410852223, -0.000011124335913, 0.000030039757441, -0.000008531134061, -0.000024882873618, -0.000005466091551, 0.000018194209957, 0.000008927348922, 0.000011872323284, -0.000014860498091, -0.000034743414190, 0.000000917265837, 0.000001038259647, 0.000026494832049, -0.000014924277341, -0.000014239494689, 0.000022793604572, -0.000011896904535, -0.000005576448137, -0.000035345162388, 0.000012446920579, 0.000012129342622, 0.000007092783946, 0.000035949261118, 0.000004257682271, 0.000025200161044, -0.000022960221717, -0.000018047949766, -0.000044678442208
-0.000018421047372, 0.000020786915872, -0.000029547787221, -0.000024095126983, -0.000001657953195, -0.000006985012675, 0.000017777728587, 0.000055706484972, 0.000004648471801, -0.000007973302871, -0.000004792371080, 0.000037653445787, -0.000033434056753, -0.000028129017411, 0.000005667072109, 0.000032550852634, -0.000008309237799, -0.000037478148613, -0.000008150635148, 0.000022420669502, -0.000022502940247, -0.000018568412941, -0.000002308579312, 0.000017700546834, -0.000017220779569, 0.000011796281761, 0.000004002802950, -0.000000010673908, 0.000002756768851, -0.000001785529712
-0.002144358376185, -0.000384973463628, 0.000836150743879, -0.003340814848661, 0.000881085686007, 0.001921952902919, 0.001295966796008, -0.000868106627586, -0.000429820358363, -0.000760418366113, 0.001456318379674, 0.001106750425691, 0.000589066967549, -0.000122686042483, 0.000401009847160, 0.001771892790948, -0.000258922599045, 0.001697624016700, -0.000185857931468, 0.001504835911231, 0.000171947003864, -0.001882913395121, 0.002527785241497, -0.000607787115058, 0.000522018300259, -0.001410849243150, -0.001184452650726, 0.000337556223247, -0.000907325163723, 0.002302487923984
-0.000049444537098, 0.000087731390447, -0.000005600704469, 0.000012784187199, 0.000025282939021, -0.000021001641244, -0.000009684637476, 0.000008499421234, -0.000024020304778, -0.000011905573508, 0.000013223090036, -0.000001038872604, 0.000001076569369, -0.000030456390228, 0.000028376607638, 0.000005879608757, -0.000006612080590, 0.000004406375112, -0.000002716797367, -0.000016668729934, 0.000014177888168, 0.000003933147894, -0.000025318683356, -0.000003348610065, 0.000005035028153, -0.000036132301183, -0.000009515886752, -0.000007335983724, 0.000013535003191, -0.000028728023516
-0.000001869856291, -0.000025376091070, 0.000013867309484, 0.000007716859180, 0.000020842767572, -0.000008806581945, -0.000017118957800, 0.000021064816202, 0.000003284985262, 0.000011796812096, 0.000023784779472, -0.000041378126042, -0.000001036304116, -0.000004085699171, 0.000014609798974, 0.000011357665173, 0.000001639562029, 0.000030355162636, 0.000013699133309, -0.000015289166708, 0.000050822044606, -0.000020628760581, 0.000006607208064, 0.000021796073327, 0.000036917173603, 0.000004367565630, 0.000013162193564, -0.000034125047161, -0.000014909065314, 0.000027073527626
-0.000031736298766, -0.000121129063412, 0.000002725314211, -0.000026544970616, 0.000020091461991, -0.000002492754504, 0.000039788160663, 0.000026180071920, -0.000014969526461, -0.000072750164890, 0.000042135055615, -0.000000714905397, 0.000034791999326, 0.000066431309498, -0.000057415825289, -0.000026698413237, -0.000000055677802, 0.000078020349434, -0.000032832998990, 0.000029573490556, 0.000082628181374, -0.000011745445775, 0.000025658093264, 0.000020415252678, 0.000000443307854, 0.000007356138809, 0.000022565968646, 0.000013114392043, -0.000016183684693, 0.000057752743054
-0.000025608362861, 0.000008946083629, 0.000020272686470, -0.000007005232991, -0.000024870340347, 0.000027338138125, -0.000014020396321, 0.000002197122264, -0.000027600943348, -0.000007974473348, 0.000024962256340, 0.000040490869381, -0.000019190748038, -0.000006330633566, 0.000025042724936, -0.000018600176993, 0.000026646538593, 0.000000214573234, -0.000010018573592, -0.000026353812725, -0.000010602615731, -0.000034535205799, 0.000001322484451, -0.000007599269964, 0.000000592536168, -0.000029571277985, -0.000008034847603, 0.000005064856648, 0.000009468492109, 0.000010299387725
0.000012739919541, 0.000002715510437, -0.000030432133229, 0.000025514793482, -0.000007011187353, -0.000005362896076, 0.000007618888134, -0.000013701024812, 0.000010368404112, -0.000014057078594, 0.000046832493680, 0.000002067055213, -0.000027326346963, -0.000004201218875, -0.000000038939156, 0.000000754283995, 0.000005210211498, 0.000030331489214, -0.000000491363771, -0.000009122996211, -0.000004008049089, -0.000009053307224, 0.000036660473725, 0.000015269207978, 0.000002628940805, -0.000009128443139, -0.000014862876201, 0.000013873913211, 0.000009757823364, 0.000008771787968
0.000042514518157, 0.000035435257281, -0.000043300608056, -0.000019098755248, 0.000047859165942, 0.000041118886301, -0.000026611240571, -0.000028683552550, 0.000085609102577, -0.000051074965654, -0.000036043395717, -0.000026971677840, -0.000012853358925, 0.000029716665199, 0.000037219476546, -0.000031416834986, 0.000015056357626, 0.000011219480029, -0.000000537732902, 0.000001289343928, 0.000031084758774, -0.000000137674874, -0.000011110455034, -0.000003204685598, -0.000005583855057, -0.000043754203922, -0.000026889360708, 0.000046319408025, 0.000036824145425, -0.000017767185739
-0.000014647257018, 0.000024410852223, -0.000011124335913, 0.000030039757441, -0.000008531134061, -0.000024882873618, -0.000005466091551, 0.000018194209957, 0.000008927348922, 0.000011872323284, -0.000014860498091, -0.000034743414190, 0.000000917265837, 0.000001038259647, 0.000026494832049, -0.000014924277341, -0.000014239494689, 0.000022793604572, -0.000011896904535, -0.000005576448137, -0.000035345162388, 0.000012446920579, 0.000012129342622, 0.000007092783946, 0.000035949261118, 0.000004257682271, 0.000025200161044, -0.000022960221717, -0.000018047949766, -0.000044678442208
-0.000018421047372, 0.000020786915872, -0.000029547787221, -0.000024095126983, -0.000001657953195, -0.000006985012675, 0.000017777728587, 0.000055706484972, 0.000004648471801, -0.000007973302871, -0.000004792371080, 0.000037653445787, -0.000033434056753, -0.000028129017411, 0.000005667072109, 0.000032550852634, -0.000008309237799, -0.000037478148613, -0.000008150635148, 0.000022420669502, -0.000022502940247, -0.000018568412941, -0.000002308579312, 0.000017700546834, -0.000017220779569, 0.000011796281761, 0.000004002802950, -0.000000010673908, 0.000002756768851, -0.000001785529712
-0.002144358376185, -0.000384973463628, 0.000836150743879, -0.003340814848661, 0.000881085686007, 0.001921952902919, 0.001295966796008, -0.000868106627586, -0.000429820358363, -0.000760418366113, 0.001456318379674, 0.001106750425691, 0.000589066967549, -0.000122686042483, 0.000401009847160, 0.001771892790948, -0.000258922599045, 0.001697624016700, -0.000185857931468, 0.001504835911231, 0.000171947003864, -0.001882913395121, 0.002527785241497, -0.000607787115058, 0.000522018300259, -0.001410849243150, -0.001184452650726, 0.000337556223247, -0.000907325163723, 0.002302487923984
