-0.000020791132130, -0.000041164046756, -0.000000304387385, -0.000023039276563, 0.000022938151897, -0.000015497000078, 0.000027803533101, -0.000019902498472, -0.000092554616160, -0.000031653739107, 0.000063788863166, -0.000039160176584, 0.000104369529524, -0.000010263611439, -0.000090789652091, -0.000022240529137, 0.000059650656915, 0.000044582948590, 0.000029630898563, -0.000070023831402, -0.000111745681515, 0.000007326803185, 0.000076719952446, 0.000049935898573, 0.000057085388590, -0.000064515565676, -0.000044706979399, 0.000073283600436, 0.000005624086569, 0.000001293466525
66.705124530498637, -40.515596332619992, 34.358783226904080, 17.884380019992228, 77.971229007991411, 136.888357571707161, -137.526791893494504, -83.057593885577958, 113.346698597088192, 24.684680182615736, -30.761903519563539, -14.938601457936898, -94.730535716721391, 3.361148817687635, 122.260173307425532, -29.185904190532007, 21.178275633662679, -11.032674183928897, -53.626539693068231, -53.864441284505638, -89.487537133046828, -48.972363261082648, -121.640868700340164, -26.809855604021863, -1.348230820903211, -48.511983311600154, 3.956631847801175, -24.781824154039029, 79.411614222127838, -96.879143069725671
0.201461286622930, 0.294740783245533, -0.194054589366019, -0.105408827715449, 0.541304618186128, 0.415485322518379, -0.859744523376449, 1.293236084088413, 0.814427792462851, -1.888945790060156, 0.285670468070286, 0.370853241952425, -3.779345660289088, -1.432194331660701, 0.841426163776823, 3.885203131123490, 2.773622299584346, -2.971751859903719, 0.513375466804631, 2.761143375298996, 1.080542639956796, -3.309675086560460, -3.414631111450205, -2.974117347694829, 3.273204645404547, -0.695500482651077, 0.324222870871393, -0.812593395307598, 1.131932648409986, 1.909726139442988
-0.000107346727617, 0.000297134033897, 0.000006281327416, 0.000009511558673, 0.000182739471295, 0.000039902162328, -0.000214896668638, -0.000097077173663, 0.000034765085147, -0.000085822913277, -0.000058231933501, 0.000221118824243, -0.000076543457418, -0.000097665911722, -0.000052588557750, 0.000070983952391, -0.000006417400883, -0.000123891935360, 0.000137273908740, 0.000058040085989, -0.000086964437131, 0.000070407003449, 0.000028505747508, 0.000077173446073, -0.000088639250734, -0.000285764470647, 0.000095839991282, -0.000052396457775, -0.000091243034987, 0.000052313103971
-0.000065602194084, -0.000048613744976, -0.000023969428909, 0.000004715721891, -0.000036551930176, 0.000002868000948, 0.000035536583212, 0.000044643043843, 0.000007597687542, -0.000038494233124, 0.000011943920804, 0.000002369242615, -0.000007188595170, -0.000027738418240, 0.000062440449405, 0.000023120213118, -0.000049300766989, -0.000014153967314, -0.000012997008801, -0.000012705943590, -0.000068130386587, 0.000018588423828, 0.000030757278580, -0.000010740028472, -0.000033757312835, 0.000015701489730, -0.000004783646148, -0.000045694720029, 0.000000499769456, -0.000007181809657
-0.000058741439034, -0.000028949225754, 0.000049672689130, 0.000043130937859, -0.000015678350167, 0.000028627941731, 0.000008817012883, 0.000066659339716, 0.000010403056656, 0.000019699892896, 0.000022640320786, 0.000103070748807, -0.000042585135219, 0.000082674880121, -0.000081034537871, 0.000054308127876, 0.000014215661245, -0.000031198468278, -0.000079916670185, -0.000138324304277, 0.000050117717706, -0.000005281849567, -0.000052744789642, 0.000059453363633, -0.000013224161819, 0.000008852998725, 0.000062119706438, 0.000021083701835, 0.000027207120866, 0.000027647279182
23.462342933703439, 30.920383752873533, -28.330866296372477, -57.694042314161223, 90.072990743122091, 134.254909499488207, -42.561526123624915, -13.516492146713894, -28.355016962932162, -26.173734618935519, 44.791704875391446, 88.485911722811124, -103.112005899689294, 11.466174512050170, 41.344195870306194, 60.516047290583074, -76.961945856363855, -54.903426333422374, -6.685147358091283, 6.954854478312228, 3.614357831752230, 10.861848050130135, -138.655781336537018, -127.800070504443923, 133.075606281183866, -90.055058989850949, 38.336208843888187, 57.480664577290533, -2.459807125392430, -112.069098140462756
0.000041145845287, 0.003152095293817, -0.006676312417468, 0.000238101203921, 0.000904418684005, -0.001675923367358, 0.000197214682558, -0.000655506458692, -0.003658256932638, -0.000933109123224, 0.001657859777637, 0.006136183303020, 0.000791248672968, -0.001572102482736, 0.006504962952448, -0.001508130400961, -0.000791752484574, -0.000953491924790, 0.002581051244144, -0.000073915699804, -0.000080321074130, -0.000366664171963, -0.002715313447524, -0.001816968557662, -0.002190135039314, 0.000406584077474, -0.001931781188107, -0.003305264606954, -0.003089819757932, -0.002674668434359
0.000087983971923, -0.000031025591220, -0.000068648150076, -0.000031889823950, -0.000030427099325, 0.000012759648200, -0.000105670995850, 0.000048731078287, -0.000021811477559, 0.000132153076244, 0.000057464211970, 0.000027375551099, 0.000028922511994, -0.000027253180204, 0.000073923461883, 0.000044362190909, -0.000093301746077, 0.000060286620197, 0.000001701462253, -0.000072069688972, -0.000066903687539, -0.000134913926786, -0.000005157163741, -0.000067900827290, -0.000013775546108, 0.000071241910497, -0.000072138765308, 0.000008291644679, -0.000089362695633, -0.000055254455496
-0.000825576212691, 0.000708613427115, 0.002977827224207, 0.000340310082908, -0.003330427297815, -0.003299453005823, 0.001174240703861, 0.001409069907723, -0.001580333491411, 0.002247531715298, 0.000637081630792, 0.002546035513774, 0.001696938875437, -0.001206286995210, 0.000939674413232, -0.003576130587572, 0.002545776964723, 0.001992003554918, 0.002282277661978, 0.001294155908216, 0.000613547077734, -0.001409023017857, 0.001457345691094, -0.000012816421091, 0.000086699907285, 0.001618825015093, -0.000155035763704, 0.000152442682783, -0.001827498664099, 0.005159188317784
-0.000008691406364, 0.000003619411832, 0.000033446371205, 0.000032020182616, -0.000005531556528, -0.000003938656405, -0.000006040345241, 0.000023949070858, 0.000003853906762, -0.000000337151015, 0.000033007693780, 0.000018378523492, -0.000032615473579, -0.000021579929242, 0.000015989847405, -0.000018926868023, 0.000001495207727, -0.000010296570920, 0.000014680773306, 0.000011845744121, -0.000028091804026, -0.000025916082691, -0.000012152617458, 0.000028544630013, -0.000014078366704, 0.000006676565512, -0.000023667607858, -0.000002518410216, 0.000054209926731, 0.000036864889772
-0.000003326739730, 0.000001596626728, 0.000005297591322, 0.000021816413092, 0.000011625199708, 0.000001908448667, 0.000000809752265, -0.000017681984524, 0.000013031791390, 0.000002379715951, -0.000020810627454, -0.000017096502482, -0.000005558667223, -0.000012857202953, -0.000003440142258, -0.000012029578038, 0.000006285093065, -0.000017616700617, -0.000006920057309, 0.000024816422290, -0.000012830637488, 0.000005921225736, 0.000003355356938, 0.000015966092334, 0.000022842657799, -0.000032496914713, 0.000038262877320, 0.000025503302258, -0.000005013623763, 0.000015269299332
-0.002612485107491, -0.000538224058150, -0.001548895810330, -0.000640273560535, 0.000528323078296, -0.000199122056273, -0.001277175118247, -0.001454961703146, -0.000820517476477, -0.001244953849330, 0.000448949182399, 0.000779426001912, -0.000560797143791, -0.000415172732073, -0.000595934994472, -0.000426032379181, -0.001279224151375, -0.001097151132953, 0.001135899877145, 0.002124272422151, 0.000759602426221, 0.001387971621696, 0.000609297739700, -0.000292768797379, 0.001014253241863, 0.000511235780749, -0.000380605317030, 0.002117700921154, 0.001608941977480, 0.001856661096582
-0.000411222419132, -0.000781767825213, -0.001676030635871, -0.001293607341140, -0.002448493743934, 0.002953046557295, 0.002491084071622, 0.000266760974192, 0.001014016078216, 0.001909891217878, -0.000482752465864, 0.000648788335418, 0.002115535172340, -0.000833014871365, 0.000495822689139, 0.002860284900130, -0.000251872757559, -0.000225358785940, -0.000301599472017, -0.002965329108839, 0.001068863559098, 0.000320115617811, 0.001463024311960, 0.000480403215320, 0.000015299450027, -0.001158510649809, -0.000751125922271, -0.000314407721412, 0.001112816491272, 0.001578885198462
0.000013838473564, 0.000087760633122, 0.000046783869010, -0.000057741113464, 0.000013702032380, -0.000009178084497, 0.000002626176297, -0.000038309015586, -0.000089251334501, 0.000051390672539, -0.000007466232326, 0.000016976025904, 0.000001968985728, -0.000041873380976, -0.000015914310772, -0.000043329375607, 0.000032908081437, -0.000003733250992, 0.000004772989206, 0.000012287570415, -0.000001428086065, 0.000024410257140, 0.000000631437914, -0.000005744722102, -0.000016636156232, 0.000028247919325, 0.000013508537243, 0.000004992282040, -0.000036224692863, 0.000056690612062
-0.000029494295845, -0.000021876864590, 0.000029745098260, 0.000045784167297, -0.000072017919809, -0.000106420836246, 0.000127712153130, 0.000084734374276, 0.000061180826897, 0.000031927415577, 0.000099952464033, 0.000024965704711, -0.000076340776427, -0.000047956779391, -0.000147663204594, -0.000130976017481, 0.000115246667818, -0.000047262249296, 0.000089179813441, 0.000067038405263, 0.000064679745861, 0.000028628650767, -0.000135522804769, -0.000021221891672, 0.000095309244173, -0.000181363535198, 0.000157898440875, -0.000198250138002, 0.000034481950152, 0.000065612794501
0.000017713241306, 0.000011656064924, -0.000002612874141, -0.000000351665454, -0.000004255196028, -0.000016860318738, 0.000000876680289, 0.000015268775797, -0.000003435029008, -0.000011863179807, 0.000022875007403, -0.000021322473273, -0.000016132485683, -0.000001199381621, 0.000000771099231, -0.000008076606100, 0.000037969839354, 0.000007676181127, 0.000040719438504, 0.000002477312412, 0.000026517593298, -0.000026251989397, 0.000003293452096, 0.000014902075776, 0.000003802746264, -0.000001855586738, 0.000023053605780, -0.000020938453140, 0.000000521782354, -0.000001546424642
0.000000056147769, 0.000039459080746, 0.000064676892009, 0.000049331027462, 0.000046359546694, 0.000017773035893, -0.000010053429534, 0.000048513423444, 0.000006070332006, -0.000002775282553, 0.000021967872570, 0.000011197639594, -0.000000881247278, -0.000031956960047, 0.000022316752272, 0.000005382479006, -0.000018659084766, -0.000032261070459, -0.000040378344941, -0.000013394320993, -0.000020046182229, 0.000016908232581, -0.000005498994653, -0.000024305257583, 0.000013761661663, -0.000033527224808, -0.000009947506703, -0.000031908639205, 0.000036893740798, -0.000038972772380
66.705232939511177, -40.515524855256032, 34.358711863852918, 17.884373228146224, 77.971346428344106, 136.888299540308481, -137.526717031018336, -83.057479770961876, 113.346856336949259, 24.684799665006267, -30.761798350018644, -14.938464172250093, -94.730419069283712, 3.361222427640782, 122.259998927597366, -29.185886484201966, 21.178309940174714, -11.032644584146148, -53.626473731797091, -53.864282383127183, -89.487445783205871, -48.972392110573367, -121.640845393131812, -26.809901336467838, -1.348209770598984, -48.511942226878851, 3.956650729737767, -24.781928895505303, 79.411611960276431, -96.879098100332357
-0.000015312591273, 0.000019634581594, -0.000014769368924, 0.000027229702912, 0.000008661484561, -0.000009186591569, 0.000006158650763, -0.000018732488989, -0.000011598289248, -0.000006263726689, -0.000007432569042, 0.000024959273247, -0.000009068586039, 0.000055076097806, 0.000032588684739, -0.000014262787069, -0.000029903771846, 0.000010607649003, -0.000022088798442, 0.000018735819445, 0.000001420271126, 0.000017689111630, -0.000030494007646, -0.000014085969468, -0.000013416841369, 0.000012689553508, -0.000022342829162, -0.000043208705364, -0.000028665225656, -0.000029796309533
0.000017198524134, 0.000017525708177, 0.000031350080874, 0.000030572437852, 0.000055661167845, -0.000026334949240, -0.000073176949613, 0.000005243320324, -0.000016439158557, -0.000051680914837, 0.000047474664520, -0.000024166700513, 0.000066756289929, 0.000076875848402, -0.000008964141777, -0.000053876447609, 0.000000637999179, 0.000106665518302, -0.000011149007179, -0.000049283736804, 0.000101007693871, -0.000006635754659, -0.000006558346570, -0.000001622272904, 0.000052690106045, 0.000008930382577, 0.000087299797391, -0.000032558720442, -0.000051374391816, -0.000081505559045
-0.000020791132130, -0.000041164046756, -0.000000304387385, -0.000023039276563, 0.000022938151897, -0.000015497000078, 0.000027803533101, -0.000019902498472, -0.000092554616160, -0.000031653739107, 0.000063788863166, -0.000039160176584, 0.000104369529524, -0.000010263611439, -0.000090789652091, -0.000022240529137, 0.000059650656915, 0.000044582948590, 0.000029630898563, -0.000070023831402, -0.000111745681515, 0.000007326803185, 0.000076719952446, 0.000049935898573, 0.000057085388590, -0.000064515565676, -0.000044706979399, 0.000073283600436, 0.000005624086569, 0.000001293466525
66.705124530498637, -40.515596332619992, 34.358783226904080, 17.884380019992228, 77.971229007991411, 136.888357571707161, -137.526791893494504, -83.057593885577958, 113.346698597088192, 24.684680182615736, -30.761903519563539, -14.938601457936898, -94.730535716721391, 3.361148817687635, 122.260173307425532, -29.185904190532007, 21.178275633662679, -11.032674183928897, -53.626539693068231, -53.864441284505638, -89.487537133046828, -48.972363261082648, -121.640868700340164, -26.809855604021863, -1.348230820903211, -48.511983311600154, 3.956631847801175, -24.781824154039029, 79.411614222127838, -96.879143069725671
-0.000003326739730, 0.000001596626728, 0.000005297591322, 0.000021816413092, 0.000011625199708, 0.000001908448667, 0.000000809752265, -0.000017681984524, 0.000013031791390, 0.000002379715951, -0.000020810627454, -0.000017096502482, -0.000005558667223, -0.000012857202953, -0.000003440142258, -0.000012029578038, 0.000006285093065, -0.000017616700617, -0.000006920057309, 0.000024816422290, -0.000012830637488, 0.000005921225736, 0.000003355356938, 0.000015966092334, 0.000022842657799, -0.000032496914713, 0.000038262877320, 0.000025503302258, -0.000005013623763, 0.000015269299332
0.000013838473564, 0.000087760633122, 0.000046783869010, -0.000057741113464, 0.000013702032380, -0.000009178084497, 0.000002626176297, -0.000038309015586, -0.000089251334501, 0.000051390672539, -0.000007466232326, 0.000016976025904, 0.000001968985728, -0.000041873380976, -0.000015914310772, -0.000043329375607, 0.000032908081437, -0.000003733250992, 0.000004772989206, 0.000012287570415, -0.000001428086065, 0.000024410257140, 0.000000631437914, -0.000005744722102, -0.000016636156232, 0.000028247919325, 0.000013508537243, 0.000004992282040, -0.000036224692863, 0.000056690612062
-0.000029494295845, -0.000021876864590, 0.000029745098260, 0.000045784167297, -0.000072017919809, -0.000106420836246, 0.000127712153130, 0.000084734374276, 0.000061180826897, 0.000031927415577, 0.000099952464033, 0.000024965704711, -0.000076340776427, -0.000047956779391, -0.000147663204594, -0.000130976017481, 0.000115246667818, -0.000047262249296, 0.000089179813441, 0.000067038405263, 0.000064679745861, 0.000028628650767, -0.000135522804769, -0.000021221891672, 0.000095309244173, -0.000181363535198, 0.000157898440875, -0.000198250138002, 0.000034481950152, 0.000065612794501
0.000017713241306, 0.000011656064924, -0.000002612874141, -0.000000351665454, -0.000004255196028, -0.000016860318738, 0.000000876680289, 0.000015268775797, -0.000003435029008, -0.000011863179807, 0.000022875007403, -0.000021322473273, -0.000016132485683, -0.000001199381621, 0.000000771099231, -0.000008076606100, 0.000037969839354, 0.000007676181127, 0.000040719438504, 0.000002477312412, 0.000026517593298, -0.000026251989397, 0.000003293452096, 0.000014902075776, 0.000003802746264, -0.000001855586738, 0.000023053605780, -0.000020938453140, 0.000000521782354, -0.000001546424642
0.000000056147769, 0.000039459080746, 0.000064676892009, 0.000049331027462, 0.000046359546694, 0.000017773035893, -0.000010053429534, 0.000048513423444, 0.000006070332006, -0.000002775282553, 0.000021967872570, 0.000011197639594, -0.000000881247278, -0.000031956960047, 0.000022316752272, 0.000005382479006, -0.000018659084766, -0.000032261070459, -0.000040378344941, -0.000013394320993, -0.000020046182229, 0.000016908232581, -0.000005498994653, -0.000024305257583, 0.000013761661663, -0.000033527224808, -0.000009947506703, -0.000031908639205, 0.000036893740798, -0.000038972772380
66.705232939511177, -40.515524855256032, 34.358711863852918, 17.884373228146224, 77.971346428344106, 136.888299540308481, -137.526717031018336, -83.057479770961876, 113.346856336949259, 24.684799665006267, -30.761798350018644, -14.938464172250093, -94.730419069283712, 3.361222427640782, 122.259998927597366, -29.185886484201966, 21.178309940174714, -11.032644584146148, -53.626473731797091, -53.864282383127183, -89.487445783205871, -48.972392110573367, -121.640845393131812, -26.809901336467838, -1.348209770598984, -48.511942226878851, 3.956650729737767, -24.781928895505303, 79.411611960276431, -96.879098100332357
-0.000015312591273, 0.000019634581594, -0.000014769368924, 0.000027229702912, 0.000008661484561, -0.000009186591569, 0.000006158650763, -0.000018732488989, -0.000011598289248, -0.000006263726689, -0.000007432569042, 0.000024959273247, -0.000009068586039, 0.000055076097806, 0.000032588684739, -0.000014262787069, -0.000029903771846, 0.000010607649003, -0.000022088798442, 0.000018735819445, 0.000001420271126, 0.000017689111630, -0.000030494007646, -0.000014085969468, -0.000013416841369, 0.000012689553508, -0.000022342829162, -0.000043208705364, -0.000028665225656, -0.000029796309533
0.000017198524134, 0.000017525708177, 0.000031350080874, 0.000030572437852, 0.000055661167845, -0.000026334949240, -0.000073176949613, 0.000005243320324, -0.000016439158557, -0.000051680914837, 0.000047474664520, -0.000024166700513, 0.000066756289929, 0.000076875848402, -0.000008964141777, -0.000053876447609, 0.000000637999179, 0.000106665518302, -0.000011149007179, -0.000049283736804, 0.000101007693871, -0.000006635754659, -0.000006558346570, -0.000001622272904, 0.000052690106045, 0.000008930382577, 0.000087299797391, -0.000032558720442, -0.000051374391816, -0.000081505559045
