0.000000049999999, -0.000009889999994, -0.000028270000001, -0.000012790000000, 0.000025299999997, 0.000025269999995, -0.000031880000002, -0.000011199999999, -0.000002860000002, -0.000005080000000, 0.000015390000000, 0.000027550000002, 0.000015769999997, 0.000008270000002, -0.000009229999989, 0.000014410000002, 0.000015050000000, 0.000023709999999, 0.000009530000000, -0.000006400000004, 0.000016859999995, -0.000007130000000, 0.000005490000003, -0.000019729999998, -0.000000809999996, -0.000014040000003, -0.000009309999996, -0.000027060000008, 0.000003939999999, -0.000016810000005
0.000000049999999, -0.000009889999994, -0.000028270000001, -0.000012790000000, 0.000025299999997, 0.000025269999995, -0.000031880000002, -0.000011199999999, -0.000002860000002, -0.000005080000000, 0.000015390000000, 0.000027550000002, 0.000015769999997, 0.000008270000002, -0.000009229999989, 0.000014410000002, 0.000015050000000, 0.000023709999999, 0.000009530000000, -0.000006400000004, 0.000016859999995, -0.000007130000000, 0.000005490000003, -0.000019729999998, -0.000000809999996, -0.000014040000003, -0.000009309999996, -0.000027060000008, 0.000003939999999, -0.000016810000005
0.000000049999999, -0.000009889999994, -0.000028270000001, -0.000012790000000, 0.000025299999997, 0.000025269999995, -0.000031880000002, -0.000011199999999, -0.000002860000002, -0.000005080000000, 0.000015390000000, 0.000027550000002, 0.000015769999997, 0.000008270000002, -0.000009229999989, 0.000014410000002, 0.000015050000000, 0.000023709999999, 0.000009530000000, -0.000006400000004, 0.000016859999995, -0.000007130000000, 0.000005490000003, -0.000019729999998, -0.000000809999996, -0.000014040000003, -0.000009309999996, -0.000027060000008, 0.000003939999999, -0.000016810000005
0.000000049999999, -0.000009889999994, -0.000028270000001, -0.000012790000000, 0.000025299999997, 0.000025269999995, -0.000031880000002, -0.000011199999999, -0.000002860000002, -0.000005080000000, 0.000015390000000, 0.000027550000002, 0.000015769999997, 0.000008270000002, -0.000009229999989, 0.000014410000002, 0.000015050000000, 0.000023709999999, 0.000009530000000, -0.000006400000004, 0.000016859999995, -0.000007130000000, 0.000005490000003, -0.000019729999998, -0.000000809999996, -0.000014040000003, -0.000009309999996, -0.000027060000008, 0.000003939999999, -0.000016810000005
0.000000049999999, -0.000009889999994, -0.000028270000001, -0.000012790000000, 0.000025299999997, 0.000025269999995, -0.000031880000002, -0.000011199999999, -0.000002860000002, -0.000005080000000, 0.000015390000000, 0.000027550000002, 0.000015769999997, 0.000008270000002, -0.000009229999989, 0.000014410000002, 0.000015050000000, 0.000023709999999, 0.000009530000000, -0.000006400000004, 0.000016859999995, -0.000007130000000, 0.000005490000003, -0.000019729999998, -0.000000809999996, -0.000014040000003, -0.000009309999996, -0.000027060000008, 0.000003939999999, -0.000016810000005
0.000000049999999, -0.000009889999994, -0.000028270000001, -0.000012790000000, 0.000025299999997, 0.000025269999995, -0.000031880000002, -0.000011199999999, -0.000002860000002, -0.000005080000000, 0.000015390000000, 0.000027550000002, 0.000015769999997, 0.000008270000002, -0.000009229999989, 0.000014410000002, 0.000015050000000, 0.000023709999999, 0.000009530000000, -0.000006400000004, 0.000016859999995, -0.000007130000000, 0.000005490000003, -0.000019729999998, -0.000000809999996, -0.000014040000003, -0.000009309999996, -0.000027060000008, 0.000003939999999, -0.000016810000005
0.000000049999999, -0.000009889999994, -0.000028270000001, -0.000012790000000, 0.000025299999997, 0.000025269999995, -0.000031880000002, -0.000011199999999, -0.000002860000002, -0.000005080000000, 0.000015390000000, 0.000027550000002, 0.000015769999997, 0.000008270000002, -0.000009229999989, 0.000014410000002, 0.000015050000000, 0.000023709999999, 0.000009530000000, -0.000006400000004, 0.000016859999995, -0.000007130000000, 0.000005490000003, -0.000019729999998, -0.000000809999996, -0.000014040000003, -0.000009309999996, -0.000027060000008, 0.000003939999999, -0.000016810000005
0.000000049999999, -0.000009889999994, -0.000028270000001, -0.000012790000000, 0.000025299999997, 0.000025269999995, -0.000031880000002, -0.000011199999999, -0.000002860000002, -0.000005080000000, 0.000015390000000, 0.000027550000002, 0.000015769999997, 0.000008270000002, -0.000009229999989, 0.000014410000002, 0.000015050000000, 0.000023709999999, 0.000009530000000, -0.000006400000004, 0.000016859999995, -0.000007130000000, 0.000005490000003, -0.000019729999998, -0.000000809999996, -0.000014040000003, -0.000009309999996, -0.000027060000008, 0.000003939999999, -0.000016810000005
0.000000049999999, -0.000009889999994, -0.000028270000001, -0.000012790000000, 0.000025299999997, 0.000025269999995, -0.000031880000002, -0.000011199999999, -0.000002860000002, -0.000005080000000, 0.000015390000000, 0.000027550000002, 0.000015769999997, 0.000008270000002, -0.000009229999989, 0.000014410000002, 0.000015050000000, 0.000023709999999, 0.000009530000000, -0.000006400000004, 0.000016859999995, -0.000007130000000, 0.000005490000003, -0.000019729999998, -0.000000809999996, -0.000014040000003, -0.000009309999996, -0.000027060000008, 0.000003939999999, -0.000016810000005
0.000000049999999, -0.000009889999994, -0.000028270000001, -0.000012790000000, 0.000025299999997, 0.000025269999995, -0.000031880000002, -0.000011199999999, -0.000002860000002, -0.000005080000000, 0.000015390000000, 0.000027550000002, 0.000015769999997, 0.000008270000002, -0.000009229999989, 0.000014410000002, 0.000015050000000, 0.000023709999999, 0.000009530000000, -0.000006400000004, 0.000016859999995, -0.000007130000000, 0.000005490000003, -0.000019729999998, -0.000000809999996, -0.000014040000003, -0.000009309999996, -0.000027060000008, 0.000003939999999, -0.000016810000005
0.000000049999999, -0.000009889999994, -0.000028270000001, -0.000012790000000, 0.000025299999997, 0.000025269999995, -0.000031880000002, -0.000011199999999, -0.000002860000002, -0.000005080000000, 0.000015390000000, 0.000027550000002, 0.000015769999997, 0.000008270000002, -0.000009229999989, 0.000014410000002, 0.000015050000000, 0.000023709999999, 0.000009530000000, -0.000006400000004, 0.000016859999995, -0.000007130000000, 0.000005490000003, -0.000019729999998, -0.000000809999996, -0.000014040000003, -0.000009309999996, -0.000027060000008, 0.000003939999999, -0.000016810000005
0.000000049999999, -0.000009889999994, -0.000028270000001, -0.000012790000000, 0.000025299999997, 0.000025269999995, -0.000031880000002, -0.000011199999999, -0.000002860000002, -0.000005080000000, 0.000015390000000, 0.000027550000002, 0.000015769999997, 0.000008270000002, -0.000009229999989, 0.000014410000002, 0.000015050000000, 0.000023709999999, 0.000009530000000, -0.000006400000004, 0.000016859999995, -0.000007130000000, 0.000005490000003, -0.000019729999998, -0.000000809999996, -0.000014040000003, -0.000009309999996, -0.000027060000008, 0.000003939999999, -0.000016810000005
0.000000049999999, -0.000009889999994, -0.000028270000001, -0.000012790000000, 0.000025299999997, 0.000025269999995, -0.000031880000002, -0.000011199999999, -0.000002860000002, -0.000005080000000, 0.000015390000000, 0.000027550000002, 0.000015769999997, 0.000008270000002, -0.000009229999989, 0.000014410000002, 0.000015050000000, 0.000023709999999, 0.000009530000000, -0.000006400000004, 0.000016859999995, -0.000007130000000, 0.000005490000003, -0.000019729999998, -0.000000809999996, -0.000014040000003, -0.000009309999996, -0.000027060000008, 0.000003939999999, -0.000016810000005
0.000000049999999, -0.000009889999994, -0.000028270000001, -0.000012790000000, 0.000025299999997, 0.000025269999995, -0.000031880000002, -0.000011199999999, -0.000002860000002, -0.000005080000000, 0.000015390000000, 0.000027550000002, 0.000015769999997, 0.000008270000002, -0.000009229999989, 0.000014410000002, 0.000015050000000, 0.000023709999999, 0.000009530000000, -0.000006400000004, 0.000016859999995, -0.000007130000000, 0.000005490000003, -0.000019729999998, -0.000000809999996, -0.000014040000003, -0.000009309999996, -0.000027060000008, 0.000003939999999, -0.000016810000005
0.000000049999999, -0.000009889999994, -0.000028270000001, -0.000012790000000, 0.000025299999997, 0.000025269999995, -0.000031880000002, -0.000011199999999, -0.000002860000002, -0.000005080000000, 0.000015390000000, 0.000027550000002, 0.000015769999997, 0.000008270000002, -0.000009229999989, 0.000014410000002, 0.000015050000000, 0.000023709999999, 0.000009530000000, -0.000006400000004, 0.000016859999995, -0.000007130000000, 0.000005490000003, -0.000019729999998, -0.000000809999996, -0.000014040000003, -0.000009309999996, -0.000027060000008, 0.000003939999999, -0.000016810000005
0.000000049999999, -0.000009889999994, -0.000028270000001, -0.000012790000000, 0.000025299999997, 0.000025269999995, -0.000031880000002, -0.000011199999999, -0.000002860000002, -0.000005080000000, 0.000015390000000, 0.000027550000002, 0.000015769999997, 0.000008270000002, -0.000009229999989, 0.000014410000002, 0.000015050000000, 0.000023709999999, 0.000009530000000, -0.000006400000004, 0.000016859999995, -0.000007130000000, 0.000005490000003, -0.000019729999998, -0.000000809999996, -0.000014040000003, -0.000009309999996, -0.000027060000008, 0.000003939999999, -0.000016810000005
0.000000049999999, -0.000009889999994, -0.000028270000001, -0.000012790000000, 0.000025299999997, 0.000025269999995, -0.000031880000002, -0.000011199999999, -0.000002860000002, -0.000005080000000, 0.000015390000000, 0.000027550000002, 0.000015769999997, 0.000008270000002, -0.000009229999989, 0.000014410000002, 0.000015050000000, 0.000023709999999, 0.000009530000000, -0.000006400000004, 0.000016859999995, -0.000007130000000, 0.000005490000003, -0.000019729999998, -0.000000809999996, -0.000014040000003, -0.000009309999996, -0.000027060000008, 0.000003939999999, -0.000016810000005
0.000000049999999, -0.000009889999994, -0.000028270000001, -0.000012790000000, 0.000025299999997, 0.000025269999995, -0.000031880000002, -0.000011199999999, -0.000002860000002, -0.000005080000000, 0.000015390000000, 0.000027550000002, 0.000015769999997, 0.000008270000002, -0.000009229999989, 0.000014410000002, 0.000015050000000, 0.000023709999999, 0.000009530000000, -0.000006400000004, 0.000016859999995, -0.000007130000000, 0.000005490000003, -0.000019729999998, -0.000000809999996, -0.000014040000003, -0.000009309999996, -0.000027060000008, 0.000003939999999, -0.000016810000005
0.000000049999999, -0.000009889999994, -0.000028270000001, -0.000012790000000, 0.000025299999997, 0.000025269999995, -0.000031880000002, -0.000011199999999, -0.000002860000002, -0.000005080000000, 0.000015390000000, 0.000027550000002, 0.000015769999997, 0.000008270000002, -0.000009229999989, 0.000014410000002, 0.000015050000000, 0.000023709999999, 0.000009530000000, -0.000006400000004, 0.000016859999995, -0.000007130000000, 0.000005490000003, -0.000019729999998, -0.000000809999996, -0.000014040000003, -0.000009309999996, -0.000027060000008, 0.000003939999999, -0.000016810000005
0.000000049999999, -0.000009889999994, -0.000028270000001, -0.000012790000000, 0.000025299999997, 0.000025269999995, -0.000031880000002, -0.000011199999999, -0.000002860000002, -0.000005080000000, 0.000015390000000, 0.000027550000002, 0.000015769999997, 0.000008270000002, -0.000009229999989, 0.000014410000002, 0.000015050000000, 0.000023709999999, 0.000009530000000, -0.000006400000004, 0.000016859999995, -0.000007130000000, 0.000005490000003, -0.000019729999998, -0.000000809999996, -0.000014040000003, -0.000009309999996, -0.000027060000008, 0.000003939999999, -0.000016810000005
0.000000049999999, -0.000009889999994, -0.000028270000001, -0.000012790000000, 0.000025299999997, 0.000025269999995, -0.000031880000002, -0.000011199999999, -0.000002860000002, -0.000005080000000, 0.000015390000000, 0.000027550000002, 0.000015769999997, 0.000008270000002, -0.000009229999989, 0.000014410000002, 0.000015050000000, 0.000023709999999, 0.000009530000000, -0.000006400000004, 0.000016859999995, -0.000007130000000, 0.000005490000003, -0.000019729999998, -0.000000809999996, -0.000014040000003, -0.000009309999996, -0.000027060000008, 0.000003939999999, -0.000016810000005
0.000000049999999, -0.000009889999994, -0.000028270000001, -0.000012790000000, 0.000025299999997, 0.000025269999995, -0.000031880000002, -0.000011199999999, -0.000002860000002, -0.000005080000000, 0.000015390000000, 0.000027550000002, 0.000015769999997, 0.000008270000002, -0.000009229999989, 0.000014410000002, 0.000015050000000, 0.000023709999999, 0.000009530000000, -0.000006400000004, 0.000016859999995, -0.000007130000000, 0.000005490000003, -0.000019729999998, -0.000000809999996, -0.000014040000003, -0.000009309999996, -0.000027060000008, 0.000003939999999, -0.000016810000005
0.000000049999999, -0.000009889999994, -0.000028270000001, -0.000012790000000, 0.000025299999997, 0.000025269999995, -0.000031880000002, -0.000011199999999, -0.000002860000002, -0.000005080000000, 0.000015390000000, 0.000027550000002, 0.000015769999997, 0.000008270000002, -0.000009229999989, 0.000014410000002, 0.000015050000000, 0.000023709999999, 0.000009530000000, -0.000006400000004, 0.000016859999995, -0.000007130000000, 0.000005490000003, -0.000019729999998, -0.000000809999996, -0.000014040000003, -0.000009309999996, -0.000027060000008, 0.000003939999999, -0.000016810000005
0.000000049999999, -0.000009889999994, -0.000028270000001, -0.000012790000000, 0.000025299999997, 0.000025269999995, -0.000031880000002, -0.000011199999999, -0.000002860000002, -0.000005080000000, 0.000015390000000, 0.000027550000002, 0.000015769999997, 0.000008270000002, -0.000009229999989, 0.000014410000002, 0.000015050000000, 0.000023709999999, 0.000009530000000, -0.000006400000004, 0.000016859999995, -0.000007130000000, 0.000005490000003, -0.000019729999998, -0.000000809999996, -0.000014040000003, -0.000009309999996, -0.000027060000008, 0.000003939999999, -0.000016810000005
0.000000049999999, -0.000009889999994, -0.000028270000001, -0.000012790000000, 0.000025299999997, 0.000025269999995, -0.000031880000002, -0.000011199999999, -0.000002860000002, -0.000005080000000, 0.000015390000000, 0.000027550000002, 0.000015769999997, 0.000008270000002, -0.000009229999989, 0.000014410000002, 0.000015050000000, 0.000023709999999, 0.000009530000000, -0.000006400000004, 0.000016859999995, -0.000007130000000, 0.000005490000003, -0.000019729999998, -0.000000809999996, -0.000014040000003, -0.000009309999996, -0.000027060000008, 0.000003939999999, -0.000016810000005
0.000000049999999, -0.000009889999994, -0.000028270000001, -0.000012790000000, 0.000025299999997, 0.000025269999995, -0.000031880000002, -0.000011199999999, -0.000002860000002, -0.000005080000000, 0.000015390000000, 0.000027550000002, 0.000015769999997, 0.000008270000002, -0.000009229999989, 0.000014410000002, 0.000015050000000, 0.000023709999999, 0.000009530000000, -0.000006400000004, 0.000016859999995, -0.000007130000000, 0.000005490000003, -0.000019729999998, -0.000000809999996, -0.000014040000003, -0.000009309999996, -0.000027060000008, 0.000003939999999, -0.000016810000005
0.000000049999999, -0.000009889999994, -0.000028270000001, -0.000012790000000, 0.000025299999997, 0.000025269999995, -0.000031880000002, -0.000011199999999, -0.000002860000002, -0.000005080000000, 0.000015390000000, 0.000027550000002, 0.000015769999997, 0.000008270000002, -0.000009229999989, 0.000014410000002, 0.000015050000000, 0.000023709999999, 0.000009530000000, -0.000006400000004, 0.000016859999995, -0.000007130000000, 0.000005490000003, -0.000019729999998, -0.000000809999996, -0.000014040000003, -0.000009309999996, -0.000027060000008, 0.000003939999999, -0.000016810000005
0.000000049999999, -0.000009889999994, -0.000028270000001, -0.000012790000000, 0.000025299999997, 0.000025269999995, -0.000031880000002, -0.000011199999999, -0.000002860000002, -0.000005080000000, 0.000015390000000, 0.000027550000002, 0.000015769999997, 0.000008270000002, -0.000009229999989, 0.000014410000002, 0.000015050000000, 0.000023709999999, 0.000009530000000, -0.000006400000004, 0.000016859999995, -0.000007130000000, 0.000005490000003, -0.000019729999998, -0.000000809999996, -0.000014040000003, -0.000009309999996, -0.000027060000008, 0.000003939999999, -0.000016810000005
0.000000049999999, -0.000009889999994, -0.000028270000001, -0.000012790000000, 0.000025299999997, 0.000025269999995, -0.000031880000002, -0.000011199999999, -0.000002860000002, -0.000005080000000, 0.000015390000000, 0.000027550000002, 0.000015769999997, 0.000008270000002, -0.000009229999989, 0.000014410000002, 0.000015050000000, 0.000023709999999, 0.000009530000000, -0.000006400000004, 0.000016859999995, -0.000007130000000, 0.000005490000003, -0.000019729999998, -0.000000809999996, -0.000014040000003, -0.000009309999996, -0.000027060000008, 0.000003939999999, -0.000016810000005
0.000000049999999, -0.000009889999994, -0.000028270000001, -0.000012790000000, 0.000025299999997, 0.000025269999995, -0.000031880000002, -0.000011199999999, -0.000002860000002, -0.000005080000000, 0.000015390000000, 0.000027550000002, 0.000015769999997, 0.000008270000002, -0.000009229999989, 0.000014410000002, 0.000015050000000, 0.000023709999999, 0.000009530000000, -0.000006400000004, 0.000016859999995, -0.000007130000000, 0.000005490000003, -0.000019729999998, -0.000000809999996, -0.000014040000003, -0.000009309999996, -0.000027060000008, 0.000003939999999, -0.000016810000005
0.000000049999999, -0.000009889999994, -0.000028270000001, -0.000012790000000, 0.000025299999997, 0.000025269999995, -0.000031880000002, -0.000011199999999, -0.000002860000002, -0.000005080000000, 0.000015390000000, 0.000027550000002, 0.000015769999997, 0.000008270000002, -0.000009229999989, 0.000014410000002, 0.000015050000000, 0.000023709999999, 0.000009530000000, -0.000006400000004, 0.000016859999995, -0.000007130000000, 0.000005490000003, -0.000019729999998, -0.000000809999996, -0.000014040000003, -0.000009309999996, -0.000027060000008, 0.000003939999999, -0.000016810000005
