-0.000028929358223, -0.000053112390255, 0.000010492151233, 0.000054066664376, 0.000015966583476, 0.000014004342077, 0.000028472175085, -0.000018489146072, -0.000002544583680, -0.000020775767958, 0.000004123938929, 0.000015465561452, 0.000018792740420, 0.000014550538012, 0.000022775342309, -0.000001022066956, 0.000008027811624, 0.000007256754408, -0.000012608009570, 0.000007156864619, 0.000030074696049, 0.000022101436343, 0.000020352915151, 0.000012689862200, 0.000008505676107, 0.000008297886467, -0.000003571217369, 0.000017690459281, 0.000008258024895, 0.000027767289602
0.000029722285177, 0.000001867986075, 0.000016210044194, 0.000015508088509, 0.000003327439956, 0.000010225830660, 0.000039893192838, 0.000009258383329, -0.000008799315303, 0.000037566984325, -0.000031669986264, 0.000002846363179, -0.000021080793701, -0.000022457512799, -0.000003245732037, 0.000028245931791, 0.000000699144138, -0.000020515957790, 0.000008455414573, 0.000021077692217, -0.000013203706700, 0.000004596465764, -0.000024034992592, -0.000030885504177, 0.000008325272745, 0.000025370952677, 0.000030722185515, -0.000001941089380, -0.000022400816510, 0.000004284823099
0.000072633163967, -0.000028067086689, 0.000015111628073, 0.000028257829285, -0.000002677256973, 0.000000841964443, -0.000001414752152, -0.000017075806440, -0.000022848980677, -0.000021537438329, -0.000000434358860, -0.000007528154518, 0.000011395644009, -0.000014796638780, -0.000006029631175, 0.000010672710793, 0.000004743224807, 0.000002305579695, 0.000020229173188, -0.000003406661762, 0.000016066542500, 0.000008994818145, 0.000018730023150, -0.000014760633582, -0.000008191259866, -0.000001515528659, -0.000027534479854, 0.000017239598172, 0.000001512373140, -0.000022931904830
0.000003493803050, -0.000002362822155, -0.000021044369291, 0.000009531813205, -0.000023302757540, 0.000012873102335, -0.000003046788741, -0.000022403369975, -0.000013902310293, 0.000000371525026, 0.000029818734106, 0.000021395830144, -0.000012880737671, 0.000032446435668, 0.000016210843302, -0.000010038197614, 0.000006228082711, 0.000013880043923, 0.000008562286695, -0.000025344863353, -0.000028963502871, 0.000004962071948, 0.000018011738582, -0.000009108187087, -0.000021553683609, -0.000011355152928, 0.000025230284009, -0.000000974273320, -0.000003287300233, -0.000005267932330
0.000017426660435, -0.000006738195641, 0.000012007594066, 0.000009797787868, -0.000003760536003, 0.000029277282781, -0.000029820444595, 0.000026977259175, -0.000005859117749, -0.000002663367979, -0.000015152616768, 0.000008236801712, 0.000037078124365, 0.000023078175275, -0.000008145950252, -0.000021984917312, -0.000014934167638, -0.000026394742662, 0.000023254574785, 0.000013387260324, -0.000014646399165, 0.000029292751385, -0.000010568117801, -0.000016159118176, -0.000014622463567, 0.000015292897963, -0.000001380854283, -0.000028660508164, -0.000004949660422, -0.000020183769529
-0.000000859321759, -0.000000353202388, 0.000028263532599, -0.000013391144620, -0.000002494171312, 0.000027659330918, -0.000011179169395, 0.000001340610112, -0.000000177151463, 0.000009414256652, 0.000004192219130, -0.000007356699770, 0.000000036515971, 0.000021827609331, 0.000001181265612, 0.000031303584720, -0.000003577292709, 0.000013356929667, -0.000029178235337, 0.000022296688222, 0.000021451815535, -0.000014257429513, -0.000054847629784, 0.000003341744899, -0.000038589695492, 0.000000252113260, -0.000016330228907, -0.000012893492432, -0.000036049327411, 0.000000383942542
-0.000011877797562, -0.000012547112039, 0.000041160941720, 0.000001356015758, -0.000006596286227, -0.000001964380662, 0.000020325003121, 0.000002202579608, 0.000037111773601, -0.000029595384255, -0.000008390855726, -0.000006177599344, 0.000022269876723, 0.000025145586221, 0.000041110997451, 0.000003759016106, 0.000013795361426, -0.000006178105501, 0.000024467260673, -0.000000189178138, -0.000038618381708, -0.000013911100588, 0.000003636169232, 0.000013974710749, 0.000016055936641, 0.000007379772633, 0.000014654931718, -0.000007540653712, -0.000013088806147, 0.000009203176909
0.000018608878790, 0.000009218878674, 0.000015912479611, -0.000006763124588, 0.000005471245856, 0.000012211062312, 0.000026198309154, -0.000012771267436, 0.000013516970057, 0.000010283501808, 0.000029642032821, -0.000016200340761, -0.000007708900711, 0.000018849384134, 0.000000142439440, 0.000000857794220, -0.000005219456078, 0.000012998543536, -0.000007396620106, -0.000007703488428, 0.000001026491262, 0.000008936571241, 0.000032782888574, 0.000021859570722, -0.000010716862860, 0.000014606120025, 0.000004446943868, -0.000002659607766, 0.000001687286106, -0.000013877229300
-0.000023749106830, -0.000005284043809, 0.000003597623902, 0.000029819931626, -0.000002669863619, -0.000016269823330, -0.000004718180836, -0.000003480643706, -0.000022856423541, 0.000020223450882, 0.000008148771030, -0.000016927269517, -0.000015721284001, 0.000003649989040, 0.000003688248807, -0.000020386202590, 0.000014994060962, -0.000001334948603, -0.000000672169975, -0.000010893986989, -0.000013911347949, -0.000000583376405, -0.000015432749009, 0.000007189405413, -0.000003712753340, 0.000008431693921, -0.000027108529064, 0.000006129125282, 0.000038161593418, 0.000000231128425
-0.000013859411567, -0.000004525031322, 0.000054012965194, -0.000015134068960, -0.000003462544981, 0.000020301732253, -0.000016364473257, -0.000003272348742, -0.000002987454494, 0.000001715910763, -0.000013182479911, 0.000006359444326, 0.000020253624555, 0.000031483160384, 0.000010779510452, -0.000003665550250, -0.000033113206833, -0.000024534336795, 0.000027537849334, -0.000013523700424, 0.000021848269263, -0.000004298041269, -0.000002310722309, -0.000008809494039, -0.000028563085195, 0.000000547980484, 0.000015626617142, 0.000007971941756, -0.000006788351586, 0.000010016446225
0.000005883308859, 0.000074774575769, -0.000004866586991, -0.000013952159065, 0.000009395795828, 0.000003406357969, 0.000016828335962, 0.000005282859561, 0.000005523544509, -0.000000791493065, 0.000039714894292, -0.000009052318331, -0.000009469494628, 0.000014050743673, -0.000022156538650, -0.000029748684099, 0.000040526380459, 0.000016960672738, -0.000013830381988, -0.000011529012816, 0.000010745321710, 0.000000078698491, -0.000023749079418, -0.000021456286585, 0.000011736075038, -0.000016612238355, -0.000005044923708, -0.000020698059707, -0.000007101725732, -0.000023683105034
-0.000017985146300, -0.000000222249838, 0.000007985088715, 0.000020060671034, 0.000002187095731, 0.000029663040483, 0.000008941847888, 0.000009768501187, 0.000019679720573, -0.000003010318913, 0.000014586198340, 0.000001109437974, -0.000004120808583, -0.000029873151746, -0.000024657324891, -0.000011201849684, -0.000000029107653, -0.000004518653721, -0.000005191999591, -0.000003470583792, -0.000022338039699, -0.000014546218850, -0.000010819531695, 0.000011128117815, -0.000008474759824, -0.000027175661110, -0.000027980676511, -0.000012386026860, -0.000018633254786, 0.000011644787563
-0.000003670161817, 0.000016744249574, -0.000025982878071, -0.000008216996889, -0.000017804312407, 0.000039388562378, -0.000000930481107, -0.000016875991335, -0.000011400737634, 0.000014741791709, 0.000023192758370, -0.000007630161505, -0.000010125200561, -0.000009256530092, 0.000010063926148, 0.000006688606709, -0.000015339700127, 0.000009411114242, -0.000004550185011, -0.000017322051669, -0.000002088739841, 0.000007934606245, 0.000010901912283, 0.000000205613331, 0.000006844191063, 0.000003641598902, -0.000031775929067, -0.000004136518541, 0.000016538715126, -0.000044055900069
-0.000020715799266, 0.000036795310098, 0.000006753044275, 0.000019922586148, 0.000028592448018, 0.000009550828135, -0.000003637850991, 0.000022116850140, 0.000027463637835, 0.000037272002018, 0.000007557195993, 0.000018656950164, 0.000007211430798, 0.000028772814844, 0.000007401881721, -0.000003243411644, 0.000020633036385, 0.000006900733624, 0.000015200006843, -0.000000772227793, 0.000003013102699, -0.000028319662135, 0.000003078227707, -0.000002710565235, -0.000007905302894, -0.000008687435809, -0.000029869580619, -0.000019455120281, 0.000019420100449, 0.000024735147569
-0.000006763157614, -0.000005901803807, -0.000019145718611, -0.000016876985015, 0.000011129731149, -0.000003101197287, -0.000036062251706, -0.000009005169900, 0.000011048676797, 0.000008109055535, -0.000019929003919, 0.000006725714302, -0.000008279195626, -0.000019643222913, -0.000011155868849, 0.000011426309150, -0.000007555416211, -0.000025210111332, 0.000021676254505, -0.000009364430468, -0.000029354591895, 0.000013305749675, 0.000021127927226, -0.000030471082135, 0.000041407662195, 0.000002723013552, 0.000009873540659, 0.000023302603346, -0.000000564484708, -0.000006827253671
0.000014703896909, -0.000007446608443, -0.000054013243911, -0.000022492943216, 0.000017834879543, -0.000010376498835, 0.000003627963792, -0.000029944700700, -0.000020579031563, -0.000020974049654, -0.000036847299164, 0.000004541919823, 0.000013469520866, 0.000004529626494, -0.000023996798618, 0.000008750252423, 0.000007022157448, -0.000015722109879, -0.000012020633179, -0.000019874751452, 0.000009096964874, -0.000021816473179, -0.000017167930537, -0.000020758735447, -0.000010028309774, 0.000017950766669, 0.000011011615725, 0.000001310231596, -0.000014011524522, -0.000014894426599
-0.000015706260015, 0.000030395175987, -0.000031665560002, 0.000008673066304, 0.000001107194663, -0.000010675311231, -0.000009454162139, -0.000012942699911, -0.000015198823029, 0.000038787733693, 0.000020233665630, -0.000004708411309, -0.000038173555808, 0.000018936743473, 0.000039029666397, -0.000026540076370, -0.000013232251071, -0.000009058008565, 0.000014932122667, 0.000018992296042, 0.000001934431928, 0.000010013386273, 0.000008335922665, -0.000030068337074, 0.000003770625440, 0.000014345446885, 0.000016365111490, 0.000004673802550, -0.000040275498714, 0.000006286139602
-0.000012547489632, -0.000006646352798, -0.000021033561978, -0.000009218718574, -0.000020310870170, 0.000012060510976, -0.000013991655170, 0.000003988278849, -0.000013372765814, -0.000010987351210, -0.000023987479821, 0.000032182403539, -0.000015450592116, 0.000006883227073, 0.000040574379740, -0.000027647877024, 0.000012243109389, -0.000039716581497, 0.000007861525191, 0.000009430155792, -0.000005275387807, 0.000010819402924, 0.000006711574535, -0.000004333226606, 0.000058002418086, -0.000008963889840, 0.000002307099709, -0.000011307417253, -0.000000415007174, 0.000007069664029
-0.000010882239479, 0.000003971152136, 0.000031414472161, -0.000013171704722, -0.000010372697659, 0.000020087790190, -0.000003403237276, -0.000015072640096, -0.000009370194149, 0.000040925183768, 0.000004454675924, 0.000030329551787, 0.000020653912358, -0.000007108790001, 0.000007551799737, 0.000009002263057, 0.000004753666765, -0.000013282995717, 0.000011809451124, -0.000018484797707, -0.000039776012628, 0.000004217230355, -0.000023110862173, 0.000040920863874, 0.000013724925338, 0.000006427894327, 0.000008832330626, 0.000009383995646, 0.000040697916567, -0.000019240777483
-0.000001218241664, 0.000003367143467, 0.000012251784284, -0.000004133012126, 0.000013555053116, 0.000007800200759, -0.000007908353247, 0.000001130783126, 0.000037733081427, 0.000011230069020, 0.000012291480260, 0.000012667219254, -0.000008918899553, 0.000005673452421, -0.000022421326092, 0.000004142509845, 0.000022442170220, -0.000021920180728, -0.000011530530557, -0.000007237155820, -0.000035653031972, 0.000037064872437, -0.000014821410971, -0.000008737516640, -0.000015870013442, -0.000005839582769, -0.000033290134255, -0.000007431562281, -0.000003320687375, 0.000001520985272
0.000018231522944, 0.000027156370809, -0.000014723245343, 0.000008248726104, -0.000016533890786, -0.000000832554068, 0.000000089139878, 0.000006027907304, -0.000019446246995, 0.000025360207609, -0.000004870000858, 0.000030084793011, -0.000004424059355, 0.000000697636125, -0.000004814696204, 0.000003558179872, 0.000013225673285, 0.000027210158819, 0.000008165551620, -0.000005207701278, -0.000003120708769, 0.000021413568589, -0.000028004846541, 0.000005634809857, -0.000003938466691, -0.000022596535182, -0.000020480280418, -0.000015881937195, 0.000005888027422, 0.000016551619147
-0.000039133387233, -0.000016095530274, 0.000018856384429, 0.000011019578068, 0.000013021096223, 0.000013089955143, 0.000006194388014, -0.000001925510944, -0.000012041162464, 0.000015390810482, 0.000007503845573, 0.000022856792009, -0.000007668048227, 0.000023779724231, 0.000004333401256, 0.000011064489772, -0.000016257553526, -0.000018081395929, -0.000016239933331, -0.000011729288211, -0.000005255161916, -0.000022291288339, 0.000030786634980, -0.000000156664449, 0.000037986433924, 0.000013622802776, 0.000015792257899, -0.000012743005755, -0.000042024000109, 0.000009242473212
0.000013695153982, 0.000021551741906, -0.000008672491035, -0.000000279545276, -0.000039428343214, 0.000017707883273, 0.000017407777438, -0.000028434359230, 0.000011458152727, 0.000022667372669, 0.000002103678916, -0.000008050914627, -0.000004680949658, 0.000003588660149, -0.000014239986401, -0.000030682506250, -0.000052939878408, 0.000074504391215, 0.000011415791931, 0.000003793462774, 0.000010742830213, 0.000008073396323, 0.000006123818196, -0.000019418498899, -0.000008290003308, 0.000012298796584, 0.000000719851740, -0.000000521759958, 0.000026802144616, -0.000006139045283
0.000021198166664, 0.000008278912798, -0.000006213875608, -0.000004672246618, 0.000002244682179, -0.000011937796362, -0.000014990451625, -0.000037143184656, 0.000027847476296, -0.000009992860477, -0.000019087934334, -0.000016693824390, -0.000006092629064, 0.000005766213150, -0.000028224802783, 0.000002147803999, 0.000000119627416, 0.000017049276362, 0.000016764414440, -0.000042886160458, -0.000002818453744, 0.000025728378553, 0.000010941724852, 0.000027611590676, 0.000002676684574, 0.000030277436714, -0.000011767147515, 0.000000452207289, 0.000003952279545, 0.000000534052205
-0.000000881386384, -0.000002415650957, 0.000006747336357, 0.000011251424823, -0.000005798464784, -0.000021365955963, 0.000019449579334, 0.000007633960948, -0.000005063158518, 0.000007769074031, 0.000003043417571, 0.000016233266111, -0.000031232002925, -0.000022107071203, -0.000008214360179, -0.000019934437647, -0.000009186254061, -0.000008739609669, -0.000003106606286, -0.000002583257562, 0.000009962877151, -0.000002002447609, 0.000021845030069, -0.000038446143298, -0.000027423858896, 0.000029038863950, -0.000010684060620, 0.000018378933717, -0.000026474268205, -0.000055855676159
-0.000027328756360, 0.000005467611089, 0.000004509664620, -0.000037052087848, -0.000005159806378, 0.000008142130262, -0.000011815103424, -0.000014489818646, -0.000018551310419, 0.000037372189169, -0.000037571299409, -0.000021883061958, 0.000022460495700, -0.000010420497205, 0.000018859037880, -0.000008334815335, -0.000028516403539, 0.000001351034509, 0.000012348425273, 0.000003072570223, -0.000010579484155, 0.000012185698353, 0.000001228776696, 0.000008508606729, 0.000052824682768, -0.000007824457597, -0.000019669513693, -0.000016807040481, 0.000014536282091, 0.000002888302667
-0.000002109049802, 0.000010947775817, -0.000003670684336, 0.000028556059959, 0.000038956986870, -0.000038922055566, -0.000020529184898, 0.000015280750929, 0.000038494734156, -0.000030227778176, -0.000037201375342, -0.000013168895988, 0.000017795648901, 0.000005585136691, -0.000029571951478, 0.000018837476431, 0.000009308453350, -0.000012973071573, -0.000025102229188, 0.000002923818336, -0.000001759217277, -0.000018571135314, -0.000008916877299, -0.000008160092652, -0.000011487204461, 0.000000370509461, -0.000020533303225, 0.000000669903102, -0.000000427042332, 0.000003051689824
-0.000013996939799, 0.000004564513667, 0.000042067196844, 0.000008390123568, 0.000039820565277, -0.000011856886520, -0.000024393061885, 0.000006675956968, -0.000002422789571, 0.000017009093717, 0.000016614082462, 0.000013779974692, -0.000002839895089, 0.000013183325237, 0.000002432014096, 0.000012183979107, -0.000014240112669, 0.000002923874881, -0.000032471194658, -0.000009174777524, 0.000028617859023, -0.000022033264500, -0.000005240564725, -0.000001671409836, -0.000010203510229, -0.000006320141800, -0.000024037885995, -0.000006016752309, -0.000009420021991, -0.000007794094877
0.000008765196640, -0.000029951037085, 0.000037551900718, 0.000001296226245, -0.000020512890273, 0.000020711567405, -0.000006564741408, 0.000010757358183, 0.000031487772866, -0.000008752163303, 0.000014842363200, 0.000017270749039, 0.000004382364850, 0.000039331257696, 0.000006554872821, -0.000025364088532, -0.000017903412569, -0.000007660812447, -0.000001123808502, 0.000027265960810, -0.000008109988173, 0.000006208629756, 0.000027477611106, 0.000020690904575, 0.000021073274496, 0.000027594786509, -0.000008519388979, -0.000029335352664, 0.000019759640434, -0.000021374354496
0.000012033329327, -0.000008153842128, 0.000030475186904, 0.000009435004870, 0.000019790108993, 0.000018805119641, 0.000028226050734, -0.000016691432421, -0.000043191106286, 0.000008244290981, -0.000007498295197, -0.000010645091221, 0.000006344810330, -0.000006782324434, -0.000006303952294, -0.000017343170164, -0.000008781272214, 0.000029189339827, -0.000037274535188, -0.000006601186172, 0.000002691543251, -0.000003819123151, -0.000038194152069, 0.000027798173943, -0.000002879149406, -0.000004747110104, -0.000038079846918, 0.000027006145785, 0.000005060779298, -0.000000860201816
0.000011642521457, 0.000003626482282, -0.000015447198820, 0.000007631459439, 0.000017168211173, 0.000022957614750, 0.000003025574095, 0.000016302097492, -0.000028382113598, -0.000009942854639, 0.000014963190814, -0.000056224742005, 0.000018834420075, -0.000004729716665, -0.000022498492564, 0.000041005405506, -0.000002123866082, 0.000007376078170, 0.000004623157636, 0.000010838687942, 0.000017211822154, 0.000014101785766, -0.000016427073007, 0.000054115299594, -0.000030638019311, 0.000008711516692, -0.000021494559358, 0.000008022594699, 0.000011478852221, 0.000014870227929
