-4999.999999832174
-4999.999999721502
-4999.999999775049
-4999.999999843286
-4999.9998536723
-4999.999999731923
-4999.999999782145
-4999.999999810294
-4999.999999799832
-4999.999999744911
-4999.999999770583
-4999.99999982349
-4999.999999693725
-4999.999999766101
-4999.999999719842
-4999.999999809472
-4999.999999845198
-4999.99999976325
-4999.999999726904
-4999.999999800192
-4999.999999788308
-4999.999999773429
-4999.999999804615
-4999.99999976023
-4999.999999714972
-4999.999999728503
-4999.999999739497
-4999.999999809472
-4999.999999845102
-4999.99999977325
-4999.999999728503
