-949.999999847656682
-949.999999961249046
-949.999997996282559
-949.999999956667921
-949.999999586729245
-949.999999978221240
-949.999942018474599
-949.999999984294277
-949.999999995746634
-949.999999980173584
-949.999999971405828
-949.999999989934395
-949.999994925120859
-949.999998094738544
-949.999999971080570
-949.999999782471946
-949.999999775378114
-949.999999275481173
-949.999963043280786
-949.999999952037683
-949.999992465761238
-949.999999794427140
-949.999999954053806
-949.999996532117734
-949.999999934148605
-949.999999867254132
-949.999999984213787
-949.999999821653546
-949.999999715198101
-949.999999968275347
-949.999999727639761
