-337.508998097520362
-337.415273906401751
-337.431495877628549
-337.434062961874702
-337.431957160143725
-337.424763971836228
-337.508998097520362
-337.430617300989582
-337.508998097520362
-337.508998097520362
-337.424183639637477
-337.420565661339651
-337.441714405509231
-337.508998097520362
-337.432892332564563
-337.432662206524128
-337.508998097520362
-337.441714405509231
-337.432305213867437
-337.508998097520362
-337.430886571489395
-337.508998097520362
-337.415273906401751
-337.420565661339651
-337.432892332564563
-337.432662206524128
-337.508998097520362
-337.441714405509231
-337.432305213867437
-337.508998097520362
-337.430886571489395
