0.000027976119043, 0.000011400083511, -0.000019833904879, 0.000008505494575, 0.000004374855402, -0.000008821343684, 0.000011319814220, -0.000001380001152, 0.000007507785575, -0.000030974537612, -0.000006334475088, -0.000020794024962, -0.000002672444651, 0.000011775266373, 0.000025460328438, -0.000020048419906, 0.000027606704521, -0.000001505467388, -0.000004835677885, -0.000023554657140, 0.000016667224365, 0.000036725436829, -0.000001361337974, 0.000009145157026, 0.000006060179803, 0.000022682753453, -0.000002711818908, 0.000042050945311, -0.000010079686817, 0.000014056506295
0.000026790807041, 0.000011394679924, -0.000000286361498, -0.000005532151377, -0.000003545903223, 0.000040127635089, -0.000002279653851, 0.000013712046874, 0.000012118720456, 0.000009560184794, -0.000015264934365, 0.000029156209365, 0.000010657439454, 0.000020372641387, 0.000015095777357, 0.000011204309097, 0.000006836278359, 0.000002137461820, -0.000018397224259, 0.000019888545808, 0.000010742237187, 0.000036328126164, -0.000010558673878, 0.000039141048635, 0.000000928422221, -0.000002345431142, 0.000054157563753, -0.000000613000481, 0.000006641463983, 0.000006050672567
0.000014856416016, 0.000005857696146, -0.000011402132706, 0.000001834251258, 0.000010706004467, 0.000030163323608, 0.000039087338232, -0.000037503159074, 0.000019316038340, 0.000004239212426, -0.000005706799881, 0.000002162162559, -0.000005694942459, 0.000011744237874, 0.000000315194150, 0.000013476177656, -0.000006286439877, 0.000012866812977, -0.000011304737831, -0.000002455148397, 0.000038759432080, -0.000032926705096, 0.000021616962570, 0.000005743654334, 0.000047012457191, -0.000018731177349, 0.000002859065475, 0.000010108475607, -0.000010059648204, 0.000005696955895
-0.000004418849869, 0.000020884814659, 0.000018999053097, -0.000018399605711, 0.000027446670918, 0.000001136175072, 0.000020043571800, 0.000006436003112, -0.000010133846196, -0.000005502349569, -0.000018024833068, 0.000011800325012, -0.000035660410738, -0.000011670512848, 0.000009270816534, 0.000001394218813, -0.000032878453624, 0.000043098404930, -0.000039866888539, 0.000013916214087, 0.000025775869062, 0.000008533822722, 0.000001113590182, -0.000017568974982, -0.000019787242056, 0.000004934137039, -0.000032574691815, 0.000036636993723, 0.000008005857246, 0.000008604820309
-0.000004365652515, 0.000018995785196, 0.000004722851543, 0.000007485168281, 0.000013239481680, 0.000010621910150, -0.000012030006690, -0.000003232894816, 0.000001248663814, -0.000006869534733, 0.000009150605273, -0.000002219275487, -0.000010377539645, 0.000009189673364, 0.000010485300152, 0.000002366689039, -0.000001635192561, 0.000013490900027, 0.000004506037834, 0.000003613590444, 0.000009237212744, -0.000001900342774, -0.000003071706109, 0.000017423618200, 0.000005606220931, -0.000005346833774, 0.000002803134656, 0.000004683002992, 0.000009187507345, -0.000234084726159
-0.000003511150311, -0.000018064966985, 0.000016374034530, -0.000037881856958, -0.000003482602166, 0.000019833163179, 0.000011692370196, 0.000020532615062, 0.000023060436561, -0.000022456531788, -0.000000669347973, 0.000026260008653, 0.000019481128525, -0.000002200879010, -0.000000815081769, -0.000005117753595, 0.000019532525727, -0.000014868448648, 0.000032190452214, 0.000004778229147, 0.000000461332554, 0.000004689327454, 0.000004462859343, 0.000029197223654, 0.000053108224851, -0.000024462786513, -0.000017224751026, -0.000002237035591, -0.000030091779131, -0.000001858386760
0.000007461749149, -0.000037259327631, 0.000016440451695, -0.000006931789750, -0.000000443952841, 0.000004284423738, 0.000005538148269, -0.000018909237069, 0.000006186310053, 0.000053061192286, -0.000030966758175, 0.000013214465255, 0.000002099641243, -0.000022313639690, -0.000002051107884, -0.000007450698881, -0.000008994736397, 0.000041369812934, 0.000036895907546, -0.000001932191189, 0.000016103811816, -0.000009340545517, -0.000007903205008, -0.000019359557136, 0.000017780677823, 0.000028167282238, -0.000034417085054, -0.000011961614909, -0.000032005702678, -0.000019721359223
0.000008066679868, -0.000016031126041, -0.000003214284085, -0.000000160120132, 0.000014489158835, -0.000022561790274, 0.000012017206425, -0.000022087683742, 0.000028296453522, 0.000005862705261, 0.000013788435126, -0.000000475933135, 0.000000075849471, -0.000000689729326, -0.000003900367751, 0.000005341241696, 0.000007393994764, 0.000004853838803, -0.000024687141835, 0.000033100942161, 0.000027297069572, 0.000003455497925, 0.000016551851068, -0.000003445886644, -0.000008331278817, -0.000008948004677, -0.000035219230554, -0.000040034725089, 0.000024471580090, -0.000008080833908
0.000040291527746, 0.000002475976993, -0.000002108074789, -0.000001623006257, -0.000001317094728, 0.000007948140933, 0.000009732322697, -0.000009050880287, -0.000031658498145, 0.000007335619386, 0.000008918520926, -0.000039558027950, -0.000013733392457, -0.000011859721269, -0.000030918550820, 0.000025047387993, -0.000012123766162, 0.000026360244799, 0.000005379653406, -0.000024582085366, -0.000001234417773, -0.000000946106042, 0.000039775248753, 0.000008511906927, -0.000030648774768, 0.000024920884613, -0.000018465006761, 0.000010903897866, 0.000005343320495, -0.000025487919473
0.000011934833168, 0.000012089852817, 0.000017311251824, 0.000012931114451, 0.000013010661194, -0.000000202669838, 0.000013475822225, 0.000021584554712, 0.000014550314326, -0.000033366765062, -0.000001480645592, 0.000004470758498, 0.000000186857918, 0.000027476275427, 0.000050705425252, -0.000005680205369, 0.000032233983340, 0.000001793758663, 0.000015037835619, 0.000005550897733, 0.000009297504242, 0.000006870909758, 0.000024181238494, -0.000008928474010, -0.000011906910853, 0.000014102309365, 0.000019847741406, 0.000017206737990, 0.000002013457021, -0.000008690435436
-0.000004841576981, 0.000019138204323, -0.000000868818070, 0.000004687406273, 0.000005917924259, 0.000023128154432, -0.000001431466119, 0.000009381157389, 0.000009541179516, 0.000003688363787, 0.000011689442960, 0.000017045202554, 0.000043103736765, 0.000021274395479, -0.000020727851428, -0.000065773385288, -0.000010820579000, 0.000033274304513, -0.000019915274263, -0.000020397114888, -0.000024950312927, -0.000009265189568, 0.000020667750105, 0.000016509035738, -0.000007539792719, -0.000015196442632, -0.000042442141201, -0.000006836877887, 0.000002505790604, -0.000002767583418
0.000028143544654, -0.000038849008193, 0.000041844687182, 0.000001342168682, -0.000037418819076, -0.000001175177559, 0.000011965879985, -0.000016105730504, 0.000011630902328, -0.000010479073052, 0.000023666607239, 0.000001510158967, -0.000035860178208, 0.000023129898423, 0.000009037584690, -0.000033867993103, 0.000019363718003, -0.000002077859804, 0.000017363495968, -0.000003366829816, 0.000015088997237, -0.000003891929836, -0.000013044574965, 0.000008069611130, 0.000019087253971, 0.000004329550038, 0.000003532029403, 0.000007771637456, -0.000004641450388, -0.000024823612293
-0.000008782680055, 0.000002664595404, -0.000035502911871, -0.000000652053956, -0.000031790701742, -0.000025524736472, -0.000009181100046, 0.000026585069492, -0.000036104132924, -0.000003471688212, -0.000006746674728, -0.000023399252328, -0.000000153737190, -0.000011831595685, -0.000030782081510, 0.000028973086728, 0.000018779541698, -0.000008762864574, -0.000014515054124, -0.000010757401569, -0.000018759660833, -0.000002411256247, 0.000017750978147, 0.000020180935980, 0.000010509103600, 0.000002247552729, -0.000012012931876, 0.000006969816660, 0.000022542407720, 0.000003081395519
-0.000004547791150, -0.000013605934415, 0.000004440432228, -0.000006669604300, -0.000008406622429, -0.000001785848383, -0.000001211304827, -0.000000053838779, -0.000014450374252, 0.000017186598010, 0.000015845595099, -0.000031957841202, -0.000001821594829, 0.000005108533060, 0.000078550138703, 0.000013754656287, 0.000001086677635, -0.000007289094789, 0.000007325988041, -0.000003011148060, 0.000016326143289, -0.000007336705693, -0.000008446442843, 0.000012061771180, 0.000004081779874, -0.000008571010525, 0.000012591020671, 0.000022182314865, 0.000008631612523, -0.000002375959895
-0.000004156927758, -0.000009208184328, 0.000004292110930, -0.000033490055353, 0.000003836798150, -0.000014933432055, 0.000020483342503, 0.000009518150566, 0.000012396099898, 0.000002877007052, 0.000019211905389, -0.000005002949635, -0.000002054902680, 0.000053714855639, 0.000030512480599, -0.000007259975881, -0.000024817566604, -0.000000943432486, -0.000002133790238, 0.000016750617377, -0.000003951613053, 0.000040917760636, 0.000025338465573, 0.000007037846427, 0.000019091284926, -0.000005673494698, 0.000010120376125, 0.000004190764258, 0.000016527398742, 0.000000429547605
-0.000010751897456, -0.000005273031541, 0.000041847560261, 0.000024855563048, 0.000008467778587, 0.000042242298889, -0.000008568748139, 0.000007858945255, 0.000002110428703, -0.000017224501575, 0.000005136078135, 0.000023303969300, 0.000020955856556, 0.000028653296077, -0.000018484863141, 0.000002946814412, 0.000008218827539, 0.000021939408501, -0.000001066359165, 0.000023098193473, -0.000004550864631, 0.000009681589511, -0.000004421111443, -0.000003822514749, 0.000026511743201, 0.000019429375897, 0.000015256414152, 0.000027844565601, 0.000006306365172, 0.000005364131951
0.000008299004790, 0.000004113419158, -0.000000281831959, 0.000017214506533, -0.000002091779749, -0.000034083110222, 0.000012605588063, 0.000018381911630, 0.000014050534965, -0.000025234769897, -0.000023262985534, -0.000001338043589, 0.000018979376847, 0.000002574066400, -0.000020239706217, -0.000003125585984, 0.000010376824719, 0.000016094677708, 0.000028886337450, -0.000005987142060, 0.000012588368456, -0.000015505040274, -0.000014600676415, -0.000022646068135, 0.000027831276224, 0.000013433175994, 0.000000573847359, 0.000035052664671, 0.000015051573293, 0.000002208753457
0.000000302122231, -0.000012255928522, 0.000007096740440, 0.000032626649361, -0.000008052462460, 0.000014666978629, 0.000005720841472, -0.000017331164125, 0.000020383491311, 0.000000446863229, -0.000009493404225, 0.000018346018280, -0.000012378001976, -0.000041323929153, 0.000014652082733, 0.000003192618287, 0.000021289941941, 0.000019078689000, -0.000007628193900, 0.000010020126389, 0.000007237662878, 0.000018839595086, 0.000027866586677, 0.000011170653522, -0.000012406143302, -0.000009214392534, -0.000001503809948, 0.000029571756556, 0.000002981886368, -0.000024977236791
-0.000013524863384, 0.000009280159740, -0.000038414059503, 0.000019492235420, 0.000001788306733, 0.000005024529827, -0.000004059974176, -0.000011922984212, -0.000016664987349, 0.000025865351146, 0.000008288598465, -0.000023347838408, -0.000017258354710, -0.000001471109158, 0.000021147238165, 0.000025633762824, 0.000000051741999, -0.000032597205951, 0.000001392902543, -0.000007896041346, 0.000019182299283, -0.000002986705439, 0.000013967877832, 0.000005846926086, 0.000013931135165, 0.000008293638700, 0.000009177640173, -0.000013757054774, 0.000017924465169, 0.000026055340598
-0.000011263437571, -0.000012258351862, 0.000007343180691, 0.000002308084232, 0.000027805018718, 0.000036456801901, 0.000020296790666, 0.000001405016040, 0.000015408328757, -0.000006056194085, 0.000004686698688, -0.000017313567369, -0.000000673544960, 0.000015046871539, -0.000000480532890, -0.000015343312434, 0.000011258678676, 0.000004820757866, 0.000006709816217, 0.000018240216470, 0.000000801038759, -0.000009331079411, 0.000056700317552, -0.000018192544132, 0.000015325176314, -0.000018642503164, -0.000005157552110, 0.000032837099006, -0.000024511231686, 0.000006099607532
-0.000009897839035, 0.000031054522321, -0.000021861079198, 0.000012009770762, 0.000010828835604, 0.000035366998716, -0.000008062771036, 0.000010938353061, 0.000004805767055, 0.000002860860850, 0.000031066963071, 0.000010901631398, 0.000011332622726, 0.000012916832667, -0.000067285163020, 0.000001758101625, 0.000004739999291, 0.000004092868288, 0.000021426769710, -0.000002497155279, -0.000008253307151, -0.000016956041215, -0.000011700116277, -0.000004823876779, 0.000014598599474, -0.000006216655237, -0.000012165771288, -0.000006844828945, 0.000016000470779, 0.000025870141805
-0.000006610376019, -0.000016699748674, 0.000026641684848, -0.000002578924704, 0.000006333083530, 0.000013124290952, -0.000038980206496, 0.000012305262850, -0.000007957123053, -0.000024077042491, -0.000024683093311, 0.000011983727589, -0.000031543076695, -0.000000929396528, 0.000022882827551, -0.000000014500039, -0.000001952197636, 0.000010585113881, -0.000033147585659, 0.000009306457102, 0.000040076057154, -0.000040309600060, 0.000041109596195, 0.000003182012058, -0.000025030558248, 0.000004837812838, 0.000031673083321, -0.000015147486110, 0.000007879565160, 0.000008938708532
0.000011485955369, -0.000043045633781, 0.000012023666507, -0.000001744400034, 0.000012107318788, 0.000022778357305, -0.000012265216576, -0.000003827659139, 0.000021703197781, 0.000012497680394, 0.000033180193990, -0.000006951553871, 0.000013469906115, 0.000029312006319, 0.000019728490969, -0.000015534980285, 0.000010855451016, -0.000023514008351, 0.000029827785706, -0.000001229604656, 0.000000412072332, 0.000002890321959, 0.000011463768496, -0.000009217519139, 0.000014683562753, -0.000004395873859, 0.000007331328135, 0.000016969178564, 0.000014615773658, 0.000008020701799
-0.000006437899131, 0.000010094448792, 0.000033990360286, -0.000001954231202, -0.000002871098419, -0.000002679574685, -0.000007491812177, -0.000008559864339, 0.000011764684764, -0.000005481264752, -0.000017255331759, -0.000004016060487, 0.000005873937269, 0.000019096591430, -0.000005090642169, -0.000022226778803, -0.000030354066432, 0.000022986661850, -0.000005490595663, 0.000008427654485, 0.000030187214605, 0.000009334908178, -0.000019260775769, -0.000033164824231, -0.000009152658137, 0.000002107832003, 0.000029391817350, 0.000006048876593, 0.000023089313274, -0.000020949915665
-0.000038364764734, 0.000002526015054, 0.000026749840679, -0.000005867163294, 0.000011504540616, 0.000029192659099, -0.000024863469790, 0.000030861525326, -0.000041714286837, 0.000029032383020, -0.000000966358702, -0.000012038101758, 0.000017131462783, -0.000011237199679, -0.000002635736983, -0.000031602295010, 0.000003579226700, -0.000032892856801, -0.000004104317948, -0.000003334776530, 0.000023807235728, -0.000039985431890, -0.000007824490597, -0.000018303752128, -0.000002899435099, -0.000001694938177, 0.000001247104073, 0.000012093489289, 0.000037076352925, 0.000007720615002
0.000006544214415, 0.000001158746513, -0.000015780818799, 0.000017170734726, -0.000001869621915, 0.000004501739667, -0.000006528631671, -0.000001089305382, 0.000005316418232, -0.000005822405526, 0.000017446236551, 0.000031133567433, -0.000004359515138, -0.000019119678832, 0.000010845513366, -0.000020239647775, -0.000025356800258, 0.000014764202277, -0.000020071076329, -0.000000611128890, -0.000017430292623, 0.000018823970862, -0.000017111415870, -0.000001565568805, -0.000140025294101, 0.000017301816953, -0.000005407993442, -0.000018992495406, 0.000027860815052, 0.000004304460987
0.000016272091131, 0.000003117824439, -0.000019699205147, -0.000013308545762, 0.000017026498647, 0.000004090280420, -0.000014123067045, 0.000007472630667, -0.000031590686966, 0.000028940013133, -0.000007314926689, 0.000020142992057, 0.000018271256806, 0.000009404270642, -0.000033092822875, -0.000001326524021, 0.000021477318420, 0.000029271966316, 0.000018554891416, 0.000006631453658, -0.000001029469296, 0.000008098887946, 0.000005325809314, 0.000042107298562, -0.000001952982888, 0.000016465363672, -0.000003260150258, 0.000006477784300, 0.000030294518467, 0.000041228916245
0.000010359438491, 0.000026467558431, 0.000018446105145, 0.000029042915145, 0.000029004242316, -0.000003465174601, -0.000001106061459, 0.000025269121585, 0.000021158525925, -0.000020998118871, -0.000015062913564, -0.000001004582444, -0.000000538253659, 0.000009324019302, 0.000020551186147, -0.000001896936013, -0.000000580447555, -0.000017295251826, -0.000002385802465, 0.000042898422912, 0.000009060438579, 0.000016377170020, -0.000011113243362, 0.000011703634129, -0.000024899334004, 0.000005524215567, 0.000002958310667, 0.000000164717516, -0.000014977211713, 0.000006612208836
0.000009727650621, 0.000032808394799, -0.000011421927731, 0.000020909610875, -0.000001006336596, 0.000011873791678, -0.000037040889080, -0.000017132246196, -0.000010165847264, -0.000003088713551, -0.000020001531333, 0.000032520033585, -0.000005430831017, -0.000032898934187, 0.000003466249986, -0.000039279106879, -0.000001307954072, -0.000012039079973, 0.000020720966080, -0.000005217648145, 0.000000321096415, 0.000019839723883, -0.000003802501583, -0.000068916216826, -0.000018741219314, 0.000016570348492, -0.000010234401358, 0.000001414091301, -0.000021791210983, 0.000012485704545
0.000003697560025, 0.000009461605739, -0.000009613139788, -0.000007693675892, -0.000039829998940, 0.000006388467447, 0.000015123643388, 0.000010133262938, 0.000006289759973, 0.000027715741856, -0.000032040530186, -0.000015023643698, -0.000006790254822, 0.000024787358669, -0.000022578831071, -0.000013696518941, 0.000008798034855, 0.000002770712385, 0.000013340399755, -0.000018839087744, -0.000004146675359, 0.000008312687271, -0.000017249300310, 0.000015494365506, 0.000009108431481, -0.000034912469189, 0.000005676896365, 0.000032363590464, -0.000001954066207, 0.000031732128832
0.000010373152769, -0.000005737047448, 0.000001915773559, 0.000029049591200, 0.000001065947005, 0.000008815008925, 0.000040059622775, -0.000003236062557, -0.000006978716009, 0.000040002319448, 0.000014095394871, 0.000006898720216, -0.000012757185324, 0.000013351391488, -0.000013199809580, -0.000002570741351, 0.000012251014361, -0.000009198702820, -0.000007330136516, 0.000000054665968, 0.000024026216359, 0.000021305292947, 0.000027971481947, 0.000000594010313, -0.000020632539449, -0.000000607550021, -0.000032757567432, 0.000015428366837, 0.000020819660783, 0.000009631491466
