0.000000000000000, 0.000000030000001, 0.000000009999994, 0.000000019999995, 0.000000010000008, -0.000000020000002, 0.000000000000000, 0.000000019999987, 0.000000000000000, -0.000000030000001, 0.000000000000000, -0.000105779999998, 0.000000010000008, 0.000000000000000, 0.000000000000000, -0.000000020000002, 0.000000020000001, 0.000000000000000, 0.000000010000008, -0.000000020000002, 0.000000020000002, -0.000000040000003, -0.000000030000002, -0.000000009999994, 0.000000000000000, 0.000000009999994, -0.000000039999996, -0.000000009999994, 0.000000010000001, 0.000000040000000
0.000000000000000, 0.000000030000001, 0.000000009999994, 0.000000019999995, 0.000000010000008, -0.000000020000002, 0.000000000000000, 0.000000019999987, 0.000000000000000, -0.000000030000001, 0.000000000000000, -0.000105779999998, 0.000000010000008, 0.000000000000000, 0.000000000000000, -0.000000020000002, 0.000000020000001, 0.000000000000000, 0.000000010000008, -0.000000020000002, 0.000000020000002, -0.000000040000003, -0.000000030000002, -0.000000009999994, 0.000000000000000, 0.000000009999994, -0.000000039999996, -0.000000009999994, 0.000000010000001, 0.000000040000000
0.000000000000000, 0.000000030000001, 0.000000009999994, 0.000000019999995, 0.000000010000008, -0.000000020000002, 0.000000000000000, 0.000000019999987, 0.000000000000000, -0.000000030000001, 0.000000000000000, -0.000105779999998, 0.000000010000008, 0.000000000000000, 0.000000000000000, -0.000000020000002, 0.000000020000001, 0.000000000000000, 0.000000010000008, -0.000000020000002, 0.000000020000002, -0.000000040000003, -0.000000030000002, -0.000000009999994, 0.000000000000000, 0.000000009999994, -0.000000039999996, -0.000000009999994, 0.000000010000001, 0.000000040000000
0.000000000000000, 0.000000030000001, 0.000000009999994, 0.000000019999995, 0.000000010000008, -0.000000020000002, 0.000000000000000, 0.000000019999987, 0.000000000000000, -0.000000030000001, 0.000000000000000, -0.000105779999998, 0.000000010000008, 0.000000000000000, 0.000000000000000, -0.000000020000002, 0.000000020000001, 0.000000000000000, 0.000000010000008, -0.000000020000002, 0.000000020000002, -0.000000040000003, -0.000000030000002, -0.000000009999994, 0.000000000000000, 0.000000009999994, -0.000000039999996, -0.000000009999994, 0.000000010000001, 0.000000040000000
0.000000000000000, 0.000000030000001, 0.000000009999994, 0.000000019999995, 0.000000010000008, -0.000000020000002, 0.000000000000000, 0.000000019999987, 0.000000000000000, -0.000000030000001, 0.000000000000000, -0.000105779999998, 0.000000010000008, 0.000000000000000, 0.000000000000000, -0.000000020000002, 0.000000020000001, 0.000000000000000, 0.000000010000008, -0.000000020000002, 0.000000020000002, -0.000000040000003, -0.000000030000002, -0.000000009999994, 0.000000000000000, 0.000000009999994, -0.000000039999996, -0.000000009999994, 0.000000010000001, 0.000000040000000
0.000000000000000, 0.000000030000001, 0.000000009999994, 0.000000019999995, 0.000000010000008, -0.000000020000002, 0.000000000000000, 0.000000019999987, 0.000000000000000, -0.000000030000001, 0.000000000000000, -0.000105779999998, 0.000000010000008, 0.000000000000000, 0.000000000000000, -0.000000020000002, 0.000000020000001, 0.000000000000000, 0.000000010000008, -0.000000020000002, 0.000000020000002, -0.000000040000003, -0.000000030000002, -0.000000009999994, 0.000000000000000, 0.000000009999994, -0.000000039999996, -0.000000009999994, 0.000000010000001, 0.000000040000000
0.000000000000000, 0.000000030000001, 0.000000009999994, 0.000000019999995, 0.000000010000008, -0.000000020000002, 0.000000000000000, 0.000000019999987, 0.000000000000000, -0.000000030000001, 0.000000000000000, -0.000105779999998, 0.000000010000008, 0.000000000000000, 0.000000000000000, -0.000000020000002, 0.000000020000001, 0.000000000000000, 0.000000010000008, -0.000000020000002, 0.000000020000002, -0.000000040000003, -0.000000030000002, -0.000000009999994, 0.000000000000000, 0.000000009999994, -0.000000039999996, -0.000000009999994, 0.000000010000001, 0.000000040000000
0.000000000000000, 0.000000030000001, 0.000000009999994, 0.000000019999995, 0.000000010000008, -0.000000020000002, 0.000000000000000, 0.000000019999987, 0.000000000000000, -0.000000030000001, 0.000000000000000, -0.000105779999998, 0.000000010000008, 0.000000000000000, 0.000000000000000, -0.000000020000002, 0.000000020000001, 0.000000000000000, 0.000000010000008, -0.000000020000002, 0.000000020000002, -0.000000040000003, -0.000000030000002, -0.000000009999994, 0.000000000000000, 0.000000009999994, -0.000000039999996, -0.000000009999994, 0.000000010000001, 0.000000040000000
0.000000000000000, 0.000000030000001, 0.000000009999994, 0.000000019999995, 0.000000010000008, -0.000000020000002, 0.000000000000000, 0.000000019999987, 0.000000000000000, -0.000000030000001, 0.000000000000000, -0.000105779999998, 0.000000010000008, 0.000000000000000, 0.000000000000000, -0.000000020000002, 0.000000020000001, 0.000000000000000, 0.000000010000008, -0.000000020000002, 0.000000020000002, -0.000000040000003, -0.000000030000002, -0.000000009999994, 0.000000000000000, 0.000000009999994, -0.000000039999996, -0.000000009999994, 0.000000010000001, 0.000000040000000
0.000000000000000, 0.000000030000001, 0.000000009999994, 0.000000019999995, 0.000000010000008, -0.000000020000002, 0.000000000000000, 0.000000019999987, 0.000000000000000, -0.000000030000001, 0.000000000000000, -0.000105779999998, 0.000000010000008, 0.000000000000000, 0.000000000000000, -0.000000020000002, 0.000000020000001, 0.000000000000000, 0.000000010000008, -0.000000020000002, 0.000000020000002, -0.000000040000003, -0.000000030000002, -0.000000009999994, 0.000000000000000, 0.000000009999994, -0.000000039999996, -0.000000009999994, 0.000000010000001, 0.000000040000000
x`0.000000000000000, 0.000000030000001, 0.000000009999994, 0.000000019999995, 0.000000010000008, -0.000000020000002, 0.000000000000000, 0.000000019999987, 0.000000000000000, -0.000000030000001, 0.000000000000000, -0.000105779999998, 0.000000010000008, 0.000000000000000, 0.000000000000000, -0.000000020000002, 0.000000020000001, 0.000000000000000, 0.000000010000008, -0.000000020000002, 0.000000020000002, -0.000000040000003, -0.000000030000002, -0.000000009999994, 0.000000000000000, 0.000000009999994, -0.000000039999996, -0.000000009999994, 0.000000010000001, 0.000000040000000
0.000000000000000, 0.000000030000001, 0.000000009999994, 0.000000019999995, 0.000000010000008, -0.000000020000002, 0.000000000000000, 0.000000019999987, 0.000000000000000, -0.000000030000001, 0.000000000000000, -0.000105779999998, 0.000000010000008, 0.000000000000000, 0.000000000000000, -0.000000020000002, 0.000000020000001, 0.000000000000000, 0.000000010000008, -0.000000020000002, 0.000000020000002, -0.000000040000003, -0.000000030000002, -0.000000009999994, 0.000000000000000, 0.000000009999994, -0.000000039999996, -0.000000009999994, 0.000000010000001, 0.000000040000000
0.000000000000000, 0.000000030000001, 0.000000009999994, 0.000000019999995, 0.000000010000008, -0.000000020000002, 0.000000000000000, 0.000000019999987, 0.000000000000000, -0.000000030000001, 0.000000000000000, -0.000105779999998, 0.000000010000008, 0.000000000000000, 0.000000000000000, -0.000000020000002, 0.000000020000001, 0.000000000000000, 0.000000010000008, -0.000000020000002, 0.000000020000002, -0.000000040000003, -0.000000030000002, -0.000000009999994, 0.000000000000000, 0.000000009999994, -0.000000039999996, -0.000000009999994, 0.000000010000001, 0.000000040000000
0.000000000000000, 0.000000030000001, 0.000000009999994, 0.000000019999995, 0.000000010000008, -0.000000020000002, 0.000000000000000, 0.000000019999987, 0.000000000000000, -0.000000030000001, 0.000000000000000, -0.000105779999998, 0.000000010000008, 0.000000000000000, 0.000000000000000, -0.000000020000002, 0.000000020000001, 0.000000000000000, 0.000000010000008, -0.000000020000002, 0.000000020000002, -0.000000040000003, -0.000000030000002, -0.000000009999994, 0.000000000000000, 0.000000009999994, -0.000000039999996, -0.000000009999994, 0.000000010000001, 0.000000040000000
0.000000000000000, 0.000000030000001, 0.000000009999994, 0.000000019999995, 0.000000010000008, -0.000000020000002, 0.000000000000000, 0.000000019999987, 0.000000000000000, -0.000000030000001, 0.000000000000000, -0.000105779999998, 0.000000010000008, 0.000000000000000, 0.000000000000000, -0.000000020000002, 0.000000020000001, 0.000000000000000, 0.000000010000008, -0.000000020000002, 0.000000020000002, -0.000000040000003, -0.000000030000002, -0.000000009999994, 0.000000000000000, 0.000000009999994, -0.000000039999996, -0.000000009999994, 0.000000010000001, 0.000000040000000
0.000000000000000, 0.000000030000001, 0.000000009999994, 0.000000019999995, 0.000000010000008, -0.000000020000002, 0.000000000000000, 0.000000019999987, 0.000000000000000, -0.000000030000001, 0.000000000000000, -0.000105779999998, 0.000000010000008, 0.000000000000000, 0.000000000000000, -0.000000020000002, 0.000000020000001, 0.000000000000000, 0.000000010000008, -0.000000020000002, 0.000000020000002, -0.000000040000003, -0.000000030000002, -0.000000009999994, 0.000000000000000, 0.000000009999994, -0.000000039999996, -0.000000009999994, 0.000000010000001, 0.000000040000000
0.000000000000000, 0.000000030000001, 0.000000009999994, 0.000000019999995, 0.000000010000008, -0.000000020000002, 0.000000000000000, 0.000000019999987, 0.000000000000000, -0.000000030000001, 0.000000000000000, -0.000105779999998, 0.000000010000008, 0.000000000000000, 0.000000000000000, -0.000000020000002, 0.000000020000001, 0.000000000000000, 0.000000010000008, -0.000000020000002, 0.000000020000002, -0.000000040000003, -0.000000030000002, -0.000000009999994, 0.000000000000000, 0.000000009999994, -0.000000039999996, -0.000000009999994, 0.000000010000001, 0.000000040000000
0.000000000000000, 0.000000030000001, 0.000000009999994, 0.000000019999995, 0.000000010000008, -0.000000020000002, 0.000000000000000, 0.000000019999987, 0.000000000000000, -0.000000030000001, 0.000000000000000, -0.000105779999998, 0.000000010000008, 0.000000000000000, 0.000000000000000, -0.000000020000002, 0.000000020000001, 0.000000000000000, 0.000000010000008, -0.000000020000002, 0.000000020000002, -0.000000040000003, -0.000000030000002, -0.000000009999994, 0.000000000000000, 0.000000009999994, -0.000000039999996, -0.000000009999994, 0.000000010000001, 0.000000040000000
0.000000000000000, 0.000000030000001, 0.000000009999994, 0.000000019999995, 0.000000010000008, -0.000000020000002, 0.000000000000000, 0.000000019999987, 0.000000000000000, -0.000000030000001, 0.000000000000000, -0.000105779999998, 0.000000010000008, 0.000000000000000, 0.000000000000000, -0.000000020000002, 0.000000020000001, 0.000000000000000, 0.000000010000008, -0.000000020000002, 0.000000020000002, -0.000000040000003, -0.000000030000002, -0.000000009999994, 0.000000000000000, 0.000000009999994, -0.000000039999996, -0.000000009999994, 0.000000010000001, 0.000000040000000
0.000000000000000, 0.000000030000001, 0.000000009999994, 0.000000019999995, 0.000000010000008, -0.000000020000002, 0.000000000000000, 0.000000019999987, 0.000000000000000, -0.000000030000001, 0.000000000000000, -0.000105779999998, 0.000000010000008, 0.000000000000000, 0.000000000000000, -0.000000020000002, 0.000000020000001, 0.000000000000000, 0.000000010000008, -0.000000020000002, 0.000000020000002, -0.000000040000003, -0.000000030000002, -0.000000009999994, 0.000000000000000, 0.000000009999994, -0.000000039999996, -0.000000009999994, 0.000000010000001, 0.000000040000000
0.000000000000000, 0.000000030000001, 0.000000009999994, 0.000000019999995, 0.000000010000008, -0.000000020000002, 0.000000000000000, 0.000000019999987, 0.000000000000000, -0.000000030000001, 0.000000000000000, -0.000105779999998, 0.000000010000008, 0.000000000000000, 0.000000000000000, -0.000000020000002, 0.000000020000001, 0.000000000000000, 0.000000010000008, -0.000000020000002, 0.000000020000002, -0.000000040000003, -0.000000030000002, -0.000000009999994, 0.000000000000000, 0.000000009999994, -0.000000039999996, -0.000000009999994, 0.000000010000001, 0.000000040000000
0.000000000000000, 0.000000030000001, 0.000000009999994, 0.000000019999995, 0.000000010000008, -0.000000020000002, 0.000000000000000, 0.000000019999987, 0.000000000000000, -0.000000030000001, 0.000000000000000, -0.000105779999998, 0.000000010000008, 0.000000000000000, 0.000000000000000, -0.000000020000002, 0.000000020000001, 0.000000000000000, 0.000000010000008, -0.000000020000002, 0.000000020000002, -0.000000040000003, -0.000000030000002, -0.000000009999994, 0.000000000000000, 0.000000009999994, -0.000000039999996, -0.000000009999994, 0.000000010000001, 0.000000040000000
0.000000000000000, 0.000000030000001, 0.000000009999994, 0.000000019999995, 0.000000010000008, -0.000000020000002, 0.000000000000000, 0.000000019999987, 0.000000000000000, -0.000000030000001, 0.000000000000000, -0.000105779999998, 0.000000010000008, 0.000000000000000, 0.000000000000000, -0.000000020000002, 0.000000020000001, 0.000000000000000, 0.000000010000008, -0.000000020000002, 0.000000020000002, -0.000000040000003, -0.000000030000002, -0.000000009999994, 0.000000000000000, 0.000000009999994, -0.000000039999996, -0.000000009999994, 0.000000010000001, 0.000000040000000
0.000000000000000, 0.000000030000001, 0.000000009999994, 0.000000019999995, 0.000000010000008, -0.000000020000002, 0.000000000000000, 0.000000019999987, 0.000000000000000, -0.000000030000001, 0.000000000000000, -0.000105779999998, 0.000000010000008, 0.000000000000000, 0.000000000000000, -0.000000020000002, 0.000000020000001, 0.000000000000000, 0.000000010000008, -0.000000020000002, 0.000000020000002, -0.000000040000003, -0.000000030000002, -0.000000009999994, 0.000000000000000, 0.000000009999994, -0.000000039999996, -0.000000009999994, 0.000000010000001, 0.000000040000000
0.000000000000000, 0.000000030000001, 0.000000009999994, 0.000000019999995, 0.000000010000008, -0.000000020000002, 0.000000000000000, 0.000000019999987, 0.000000000000000, -0.000000030000001, 0.000000000000000, -0.000105779999998, 0.000000010000008, 0.000000000000000, 0.000000000000000, -0.000000020000002, 0.000000020000001, 0.000000000000000, 0.000000010000008, -0.000000020000002, 0.000000020000002, -0.000000040000003, -0.000000030000002, -0.000000009999994, 0.000000000000000, 0.000000009999994, -0.000000039999996, -0.000000009999994, 0.000000010000001, 0.000000040000000
0.000000000000000, 0.000000030000001, 0.000000009999994, 0.000000019999995, 0.000000010000008, -0.000000020000002, 0.000000000000000, 0.000000019999987, 0.000000000000000, -0.000000030000001, 0.000000000000000, -0.000105779999998, 0.000000010000008, 0.000000000000000, 0.000000000000000, -0.000000020000002, 0.000000020000001, 0.000000000000000, 0.000000010000008, -0.000000020000002, 0.000000020000002, -0.000000040000003, -0.000000030000002, -0.000000009999994, 0.000000000000000, 0.000000009999994, -0.000000039999996, -0.000000009999994, 0.000000010000001, 0.000000040000000
0.000000000000000, 0.000000030000001, 0.000000009999994, 0.000000019999995, 0.000000010000008, -0.000000020000002, 0.000000000000000, 0.000000019999987, 0.000000000000000, -0.000000030000001, 0.000000000000000, -0.000105779999998, 0.000000010000008, 0.000000000000000, 0.000000000000000, -0.000000020000002, 0.000000020000001, 0.000000000000000, 0.000000010000008, -0.000000020000002, 0.000000020000002, -0.000000040000003, -0.000000030000002, -0.000000009999994, 0.000000000000000, 0.000000009999994, -0.000000039999996, -0.000000009999994, 0.000000010000001, 0.000000040000000
0.000000000000000, 0.000000030000001, 0.000000009999994, 0.000000019999995, 0.000000010000008, -0.000000020000002, 0.000000000000000, 0.000000019999987, 0.000000000000000, -0.000000030000001, 0.000000000000000, -0.000105779999998, 0.000000010000008, 0.000000000000000, 0.000000000000000, -0.000000020000002, 0.000000020000001, 0.000000000000000, 0.000000010000008, -0.000000020000002, 0.000000020000002, -0.000000040000003, -0.000000030000002, -0.000000009999994, 0.000000000000000, 0.000000009999994, -0.000000039999996, -0.000000009999994, 0.000000010000001, 0.000000040000000
0.000000000000000, 0.000000030000001, 0.000000009999994, 0.000000019999995, 0.000000010000008, -0.000000020000002, 0.000000000000000, 0.000000019999987, 0.000000000000000, -0.000000030000001, 0.000000000000000, -0.000105779999998, 0.000000010000008, 0.000000000000000, 0.000000000000000, -0.000000020000002, 0.000000020000001, 0.000000000000000, 0.000000010000008, -0.000000020000002, 0.000000020000002, -0.000000040000003, -0.000000030000002, -0.000000009999994, 0.000000000000000, 0.000000009999994, -0.000000039999996, -0.000000009999994, 0.000000010000001, 0.000000040000000
0.000000000000000, 0.000000030000001, 0.000000009999994, 0.000000019999995, 0.000000010000008, -0.000000020000002, 0.000000000000000, 0.000000019999987, 0.000000000000000, -0.000000030000001, 0.000000000000000, -0.000105779999998, 0.000000010000008, 0.000000000000000, 0.000000000000000, -0.000000020000002, 0.000000020000001, 0.000000000000000, 0.000000010000008, -0.000000020000002, 0.000000020000002, -0.000000040000003, -0.000000030000002, -0.000000009999994, 0.000000000000000, 0.000000009999994, -0.000000039999996, -0.000000009999994, 0.000000010000001, 0.000000040000000
