-0.000009420000012, -0.000002699999996, 0.000011020000002, 0.000000959999994, -0.000005070000000, 0.000009239999997, 0.000017849999999, 0.000008070000000, 0.000002729999999, -0.000007550000001, -0.000021910000001, -0.000023530000000, 0.000009750000000, 0.000006080000000, -0.000000960000001, -0.000015389999994, 0.000014090000001, 0.000001519999998, 0.000009409999997, -0.000000630000002, 0.000014260000000, -0.000009920000004, -0.000004109999992, 0.000013989999999, 0.000020790000001, -0.000010390000000, 0.000006710000001, -0.000010949999997, -0.000009030000001, 0.000003100000001
-0.000009420000012, -0.000002699999996, 0.000011020000002, 0.000000959999994, -0.000005070000000, 0.000009239999997, 0.000017849999999, 0.000008070000000, 0.000002729999999, -0.000007550000001, -0.000021910000001, -0.000023530000000, 0.000009750000000, 0.000006080000000, -0.000000960000001, -0.000015389999994, 0.000014090000001, 0.000001519999998, 0.000009409999997, -0.000000630000002, 0.000014260000000, -0.000009920000004, -0.000004109999992, 0.000013989999999, 0.000020790000001, -0.000010390000000, 0.000006710000001, -0.000010949999997, -0.000009030000001, 0.000003100000001
-0.000009420000012, -0.000002699999996, 0.000011020000002, 0.000000959999994, -0.000005070000000, 0.000009239999997, 0.000017849999999, 0.000008070000000, 0.000002729999999, -0.000007550000001, -0.000021910000001, -0.000023530000000, 0.000009750000000, 0.000006080000000, -0.000000960000001, -0.000015389999994, 0.000014090000001, 0.000001519999998, 0.000009409999997, -0.000000630000002, 0.000014260000000, -0.000009920000004, -0.000004109999992, 0.000013989999999, 0.000020790000001, -0.000010390000000, 0.000006710000001, -0.000010949999997, -0.000009030000001, 0.000003100000001
-0.000009420000012, -0.000002699999996, 0.000011020000002, 0.000000959999994, -0.000005070000000, 0.000009239999997, 0.000017849999999, 0.000008070000000, 0.000002729999999, -0.000007550000001, -0.000021910000001, -0.000023530000000, 0.000009750000000, 0.000006080000000, -0.000000960000001, -0.000015389999994, 0.000014090000001, 0.000001519999998, 0.000009409999997, -0.000000630000002, 0.000014260000000, -0.000009920000004, -0.000004109999992, 0.000013989999999, 0.000020790000001, -0.000010390000000, 0.000006710000001, -0.000010949999997, -0.000009030000001, 0.000003100000001
-0.000009420000012, -0.000002699999996, 0.000011020000002, 0.000000959999994, -0.000005070000000, 0.000009239999997, 0.000017849999999, 0.000008070000000, 0.000002729999999, -0.000007550000001, -0.000021910000001, -0.000023530000000, 0.000009750000000, 0.000006080000000, -0.000000960000001, -0.000015389999994, 0.000014090000001, 0.000001519999998, 0.000009409999997, -0.000000630000002, 0.000014260000000, -0.000009920000004, -0.000004109999992, 0.000013989999999, 0.000020790000001, -0.000010390000000, 0.000006710000001, -0.000010949999997, -0.000009030000001, 0.000003100000001
-0.000009420000012, -0.000002699999996, 0.000011020000002, 0.000000959999994, -0.000005070000000, 0.000009239999997, 0.000017849999999, 0.000008070000000, 0.000002729999999, -0.000007550000001, -0.000021910000001, -0.000023530000000, 0.000009750000000, 0.000006080000000, -0.000000960000001, -0.000015389999994, 0.000014090000001, 0.000001519999998, 0.000009409999997, -0.000000630000002, 0.000014260000000, -0.000009920000004, -0.000004109999992, 0.000013989999999, 0.000020790000001, -0.000010390000000, 0.000006710000001, -0.000010949999997, -0.000009030000001, 0.000003100000001
-0.000009420000012, -0.000002699999996, 0.000011020000002, 0.000000959999994, -0.000005070000000, 0.000009239999997, 0.000017849999999, 0.000008070000000, 0.000002729999999, -0.000007550000001, -0.000021910000001, -0.000023530000000, 0.000009750000000, 0.000006080000000, -0.000000960000001, -0.000015389999994, 0.000014090000001, 0.000001519999998, 0.000009409999997, -0.000000630000002, 0.000014260000000, -0.000009920000004, -0.000004109999992, 0.000013989999999, 0.000020790000001, -0.000010390000000, 0.000006710000001, -0.000010949999997, -0.000009030000001, 0.000003100000001
-0.000009420000012, -0.000002699999996, 0.000011020000002, 0.000000959999994, -0.000005070000000, 0.000009239999997, 0.000017849999999, 0.000008070000000, 0.000002729999999, -0.000007550000001, -0.000021910000001, -0.000023530000000, 0.000009750000000, 0.000006080000000, -0.000000960000001, -0.000015389999994, 0.000014090000001, 0.000001519999998, 0.000009409999997, -0.000000630000002, 0.000014260000000, -0.000009920000004, -0.000004109999992, 0.000013989999999, 0.000020790000001, -0.000010390000000, 0.000006710000001, -0.000010949999997, -0.000009030000001, 0.000003100000001
-0.000009420000012, -0.000002699999996, 0.000011020000002, 0.000000959999994, -0.000005070000000, 0.000009239999997, 0.000017849999999, 0.000008070000000, 0.000002729999999, -0.000007550000001, -0.000021910000001, -0.000023530000000, 0.000009750000000, 0.000006080000000, -0.000000960000001, -0.000015389999994, 0.000014090000001, 0.000001519999998, 0.000009409999997, -0.000000630000002, 0.000014260000000, -0.000009920000004, -0.000004109999992, 0.000013989999999, 0.000020790000001, -0.000010390000000, 0.000006710000001, -0.000010949999997, -0.000009030000001, 0.000003100000001
-0.000009420000012, -0.000002699999996, 0.000011020000002, 0.000000959999994, -0.000005070000000, 0.000009239999997, 0.000017849999999, 0.000008070000000, 0.000002729999999, -0.000007550000001, -0.000021910000001, -0.000023530000000, 0.000009750000000, 0.000006080000000, -0.000000960000001, -0.000015389999994, 0.000014090000001, 0.000001519999998, 0.000009409999997, -0.000000630000002, 0.000014260000000, -0.000009920000004, -0.000004109999992, 0.000013989999999, 0.000020790000001, -0.000010390000000, 0.000006710000001, -0.000010949999997, -0.000009030000001, 0.000003100000001
-0.000009420000012, -0.000002699999996, 0.000011020000002, 0.000000959999994, -0.000005070000000, 0.000009239999997, 0.000017849999999, 0.000008070000000, 0.000002729999999, -0.000007550000001, -0.000021910000001, -0.000023530000000, 0.000009750000000, 0.000006080000000, -0.000000960000001, -0.000015389999994, 0.000014090000001, 0.000001519999998, 0.000009409999997, -0.000000630000002, 0.000014260000000, -0.000009920000004, -0.000004109999992, 0.000013989999999, 0.000020790000001, -0.000010390000000, 0.000006710000001, -0.000010949999997, -0.000009030000001, 0.000003100000001
-0.000009420000012, -0.000002699999996, 0.000011020000002, 0.000000959999994, -0.000005070000000, 0.000009239999997, 0.000017849999999, 0.000008070000000, 0.000002729999999, -0.000007550000001, -0.000021910000001, -0.000023530000000, 0.000009750000000, 0.000006080000000, -0.000000960000001, -0.000015389999994, 0.000014090000001, 0.000001519999998, 0.000009409999997, -0.000000630000002, 0.000014260000000, -0.000009920000004, -0.000004109999992, 0.000013989999999, 0.000020790000001, -0.000010390000000, 0.000006710000001, -0.000010949999997, -0.000009030000001, 0.000003100000001
-0.000009420000012, -0.000002699999996, 0.000011020000002, 0.000000959999994, -0.000005070000000, 0.000009239999997, 0.000017849999999, 0.000008070000000, 0.000002729999999, -0.000007550000001, -0.000021910000001, -0.000023530000000, 0.000009750000000, 0.000006080000000, -0.000000960000001, -0.000015389999994, 0.000014090000001, 0.000001519999998, 0.000009409999997, -0.000000630000002, 0.000014260000000, -0.000009920000004, -0.000004109999992, 0.000013989999999, 0.000020790000001, -0.000010390000000, 0.000006710000001, -0.000010949999997, -0.000009030000001, 0.000003100000001
-0.000009420000012, -0.000002699999996, 0.000011020000002, 0.000000959999994, -0.000005070000000, 0.000009239999997, 0.000017849999999, 0.000008070000000, 0.000002729999999, -0.000007550000001, -0.000021910000001, -0.000023530000000, 0.000009750000000, 0.000006080000000, -0.000000960000001, -0.000015389999994, 0.000014090000001, 0.000001519999998, 0.000009409999997, -0.000000630000002, 0.000014260000000, -0.000009920000004, -0.000004109999992, 0.000013989999999, 0.000020790000001, -0.000010390000000, 0.000006710000001, -0.000010949999997, -0.000009030000001, 0.000003100000001
-0.000009420000012, -0.000002699999996, 0.000011020000002, 0.000000959999994, -0.000005070000000, 0.000009239999997, 0.000017849999999, 0.000008070000000, 0.000002729999999, -0.000007550000001, -0.000021910000001, -0.000023530000000, 0.000009750000000, 0.000006080000000, -0.000000960000001, -0.000015389999994, 0.000014090000001, 0.000001519999998, 0.000009409999997, -0.000000630000002, 0.000014260000000, -0.000009920000004, -0.000004109999992, 0.000013989999999, 0.000020790000001, -0.000010390000000, 0.000006710000001, -0.000010949999997, -0.000009030000001, 0.000003100000001
-0.000009420000012, -0.000002699999996, 0.000011020000002, 0.000000959999994, -0.000005070000000, 0.000009239999997, 0.000017849999999, 0.000008070000000, 0.000002729999999, -0.000007550000001, -0.000021910000001, -0.000023530000000, 0.000009750000000, 0.000006080000000, -0.000000960000001, -0.000015389999994, 0.000014090000001, 0.000001519999998, 0.000009409999997, -0.000000630000002, 0.000014260000000, -0.000009920000004, -0.000004109999992, 0.000013989999999, 0.000020790000001, -0.000010390000000, 0.000006710000001, -0.000010949999997, -0.000009030000001, 0.000003100000001
-0.000009420000012, -0.000002699999996, 0.000011020000002, 0.000000959999994, -0.000005070000000, 0.000009239999997, 0.000017849999999, 0.000008070000000, 0.000002729999999, -0.000007550000001, -0.000021910000001, -0.000023530000000, 0.000009750000000, 0.000006080000000, -0.000000960000001, -0.000015389999994, 0.000014090000001, 0.000001519999998, 0.000009409999997, -0.000000630000002, 0.000014260000000, -0.000009920000004, -0.000004109999992, 0.000013989999999, 0.000020790000001, -0.000010390000000, 0.000006710000001, -0.000010949999997, -0.000009030000001, 0.000003100000001
-0.000009420000012, -0.000002699999996, 0.000011020000002, 0.000000959999994, -0.000005070000000, 0.000009239999997, 0.000017849999999, 0.000008070000000, 0.000002729999999, -0.000007550000001, -0.000021910000001, -0.000023530000000, 0.000009750000000, 0.000006080000000, -0.000000960000001, -0.000015389999994, 0.000014090000001, 0.000001519999998, 0.000009409999997, -0.000000630000002, 0.000014260000000, -0.000009920000004, -0.000004109999992, 0.000013989999999, 0.000020790000001, -0.000010390000000, 0.000006710000001, -0.000010949999997, -0.000009030000001, 0.000003100000001
-0.000009420000012, -0.000002699999996, 0.000011020000002, 0.000000959999994, -0.000005070000000, 0.000009239999997, 0.000017849999999, 0.000008070000000, 0.000002729999999, -0.000007550000001, -0.000021910000001, -0.000023530000000, 0.000009750000000, 0.000006080000000, -0.000000960000001, -0.000015389999994, 0.000014090000001, 0.000001519999998, 0.000009409999997, -0.000000630000002, 0.000014260000000, -0.000009920000004, -0.000004109999992, 0.000013989999999, 0.000020790000001, -0.000010390000000, 0.000006710000001, -0.000010949999997, -0.000009030000001, 0.000003100000001
-0.000009420000012, -0.000002699999996, 0.000011020000002, 0.000000959999994, -0.000005070000000, 0.000009239999997, 0.000017849999999, 0.000008070000000, 0.000002729999999, -0.000007550000001, -0.000021910000001, -0.000023530000000, 0.000009750000000, 0.000006080000000, -0.000000960000001, -0.000015389999994, 0.000014090000001, 0.000001519999998, 0.000009409999997, -0.000000630000002, 0.000014260000000, -0.000009920000004, -0.000004109999992, 0.000013989999999, 0.000020790000001, -0.000010390000000, 0.000006710000001, -0.000010949999997, -0.000009030000001, 0.000003100000001
-0.000009420000012, -0.000002699999996, 0.000011020000002, 0.000000959999994, -0.000005070000000, 0.000009239999997, 0.000017849999999, 0.000008070000000, 0.000002729999999, -0.000007550000001, -0.000021910000001, -0.000023530000000, 0.000009750000000, 0.000006080000000, -0.000000960000001, -0.000015389999994, 0.000014090000001, 0.000001519999998, 0.000009409999997, -0.000000630000002, 0.000014260000000, -0.000009920000004, -0.000004109999992, 0.000013989999999, 0.000020790000001, -0.000010390000000, 0.000006710000001, -0.000010949999997, -0.000009030000001, 0.000003100000001
-0.000009420000012, -0.000002699999996, 0.000011020000002, 0.000000959999994, -0.000005070000000, 0.000009239999997, 0.000017849999999, 0.000008070000000, 0.000002729999999, -0.000007550000001, -0.000021910000001, -0.000023530000000, 0.000009750000000, 0.000006080000000, -0.000000960000001, -0.000015389999994, 0.000014090000001, 0.000001519999998, 0.000009409999997, -0.000000630000002, 0.000014260000000, -0.000009920000004, -0.000004109999992, 0.000013989999999, 0.000020790000001, -0.000010390000000, 0.000006710000001, -0.000010949999997, -0.000009030000001, 0.000003100000001
-0.000009420000012, -0.000002699999996, 0.000011020000002, 0.000000959999994, -0.000005070000000, 0.000009239999997, 0.000017849999999, 0.000008070000000, 0.000002729999999, -0.000007550000001, -0.000021910000001, -0.000023530000000, 0.000009750000000, 0.000006080000000, -0.000000960000001, -0.000015389999994, 0.000014090000001, 0.000001519999998, 0.000009409999997, -0.000000630000002, 0.000014260000000, -0.000009920000004, -0.000004109999992, 0.000013989999999, 0.000020790000001, -0.000010390000000, 0.000006710000001, -0.000010949999997, -0.000009030000001, 0.000003100000001
-0.000009420000012, -0.000002699999996, 0.000011020000002, 0.000000959999994, -0.000005070000000, 0.000009239999997, 0.000017849999999, 0.000008070000000, 0.000002729999999, -0.000007550000001, -0.000021910000001, -0.000023530000000, 0.000009750000000, 0.000006080000000, -0.000000960000001, -0.000015389999994, 0.000014090000001, 0.000001519999998, 0.000009409999997, -0.000000630000002, 0.000014260000000, -0.000009920000004, -0.000004109999992, 0.000013989999999, 0.000020790000001, -0.000010390000000, 0.000006710000001, -0.000010949999997, -0.000009030000001, 0.000003100000001
-0.000009420000012, -0.000002699999996, 0.000011020000002, 0.000000959999994, -0.000005070000000, 0.000009239999997, 0.000017849999999, 0.000008070000000, 0.000002729999999, -0.000007550000001, -0.000021910000001, -0.000023530000000, 0.000009750000000, 0.000006080000000, -0.000000960000001, -0.000015389999994, 0.000014090000001, 0.000001519999998, 0.000009409999997, -0.000000630000002, 0.000014260000000, -0.000009920000004, -0.000004109999992, 0.000013989999999, 0.000020790000001, -0.000010390000000, 0.000006710000001, -0.000010949999997, -0.000009030000001, 0.000003100000001
-0.000009420000012, -0.000002699999996, 0.000011020000002, 0.000000959999994, -0.000005070000000, 0.000009239999997, 0.000017849999999, 0.000008070000000, 0.000002729999999, -0.000007550000001, -0.000021910000001, -0.000023530000000, 0.000009750000000, 0.000006080000000, -0.000000960000001, -0.000015389999994, 0.000014090000001, 0.000001519999998, 0.000009409999997, -0.000000630000002, 0.000014260000000, -0.000009920000004, -0.000004109999992, 0.000013989999999, 0.000020790000001, -0.000010390000000, 0.000006710000001, -0.000010949999997, -0.000009030000001, 0.000003100000001
-0.000009420000012, -0.000002699999996, 0.000011020000002, 0.000000959999994, -0.000005070000000, 0.000009239999997, 0.000017849999999, 0.000008070000000, 0.000002729999999, -0.000007550000001, -0.000021910000001, -0.000023530000000, 0.000009750000000, 0.000006080000000, -0.000000960000001, -0.000015389999994, 0.000014090000001, 0.000001519999998, 0.000009409999997, -0.000000630000002, 0.000014260000000, -0.000009920000004, -0.000004109999992, 0.000013989999999, 0.000020790000001, -0.000010390000000, 0.000006710000001, -0.000010949999997, -0.000009030000001, 0.000003100000001
-0.000009420000012, -0.000002699999996, 0.000011020000002, 0.000000959999994, -0.000005070000000, 0.000009239999997, 0.000017849999999, 0.000008070000000, 0.000002729999999, -0.000007550000001, -0.000021910000001, -0.000023530000000, 0.000009750000000, 0.000006080000000, -0.000000960000001, -0.000015389999994, 0.000014090000001, 0.000001519999998, 0.000009409999997, -0.000000630000002, 0.000014260000000, -0.000009920000004, -0.000004109999992, 0.000013989999999, 0.000020790000001, -0.000010390000000, 0.000006710000001, -0.000010949999997, -0.000009030000001, 0.000003100000001
-0.000009420000012, -0.000002699999996, 0.000011020000002, 0.000000959999994, -0.000005070000000, 0.000009239999997, 0.000017849999999, 0.000008070000000, 0.000002729999999, -0.000007550000001, -0.000021910000001, -0.000023530000000, 0.000009750000000, 0.000006080000000, -0.000000960000001, -0.000015389999994, 0.000014090000001, 0.000001519999998, 0.000009409999997, -0.000000630000002, 0.000014260000000, -0.000009920000004, -0.000004109999992, 0.000013989999999, 0.000020790000001, -0.000010390000000, 0.000006710000001, -0.000010949999997, -0.000009030000001, 0.000003100000001
-0.000009420000012, -0.000002699999996, 0.000011020000002, 0.000000959999994, -0.000005070000000, 0.000009239999997, 0.000017849999999, 0.000008070000000, 0.000002729999999, -0.000007550000001, -0.000021910000001, -0.000023530000000, 0.000009750000000, 0.000006080000000, -0.000000960000001, -0.000015389999994, 0.000014090000001, 0.000001519999998, 0.000009409999997, -0.000000630000002, 0.000014260000000, -0.000009920000004, -0.000004109999992, 0.000013989999999, 0.000020790000001, -0.000010390000000, 0.000006710000001, -0.000010949999997, -0.000009030000001, 0.000003100000001
-0.000009420000012, -0.000002699999996, 0.000011020000002, 0.000000959999994, -0.000005070000000, 0.000009239999997, 0.000017849999999, 0.000008070000000, 0.000002729999999, -0.000007550000001, -0.000021910000001, -0.000023530000000, 0.000009750000000, 0.000006080000000, -0.000000960000001, -0.000015389999994, 0.000014090000001, 0.000001519999998, 0.000009409999997, -0.000000630000002, 0.000014260000000, -0.000009920000004, -0.000004109999992, 0.000013989999999, 0.000020790000001, -0.000010390000000, 0.000006710000001, -0.000010949999997, -0.000009030000001, 0.000003100000001
