-0.000000004731646, 0.000000002901643, -0.000000003986468, -0.000000003821924, 0.000000002542038, -0.000000002173671, 0.000000004333366, -0.000000000981075, 0.000000000707436, -0.000000002323979, 0.000000002134584, -0.000000000672003, 0.000000002077652, -0.000000002628330, 0.000000003072650, 0.000000004169593, -0.000000004291735, 0.000000002412605, -0.000000004898382, 0.000000004085235, 0.000000002872383, -0.000000004810175, 0.000000001513423, 0.000000002726701, 0.000000003120476, 0.000000003106464, 0.000000004773511, 0.000000001145537, -0.000000001697749, 0.000000003950738
-0.000000004731636, 0.000000002901658, -0.000000003986479, -0.000000003821910, 0.000000002542031, -0.000000002173671, 0.000000004333373, -0.000000000981046, 0.000000000707425, -0.000000002323951, 0.000000002134612, -0.000000000672003, 0.000000002077645, -0.000000002716273, 0.000000003091706, 0.000000004166779, -0.000000004291991, 0.000000002411934, -0.000000004898347, 0.000000004085296, 0.000000002872397, -0.000000004810133, 0.000000001513437, 0.000000002726704, 0.000000003120476, 0.000000003106450, 0.000000004773511, 0.000000001145537, -0.000000001697764, 0.000000003950731
-0.000000004731646, 0.000000002901643, -0.000000003986468, -0.000000003821924, 0.000000002542038, -0.000000002173671, 0.000000004333366, -0.000000000981075, 0.000000000707436, -0.000000002323979, 0.000000002134584, -0.000000000672003, 0.000000002077652, -0.000000002643798, 0.000000003076003, 0.000000004169095, -0.000000004291778, 0.000000002412484, -0.000000004898375, 0.000000004085244, 0.000000002872383, -0.000000004810161, 0.000000001513423, 0.000000002726701, 0.000000003120476, 0.000000003106464, 0.000000004773511, 0.000000001145537, -0.000000001697749, 0.000000003950738
-0.000000004731646, 0.000000002901643, -0.000000003986468, -0.000000003821924, 0.000000002542038, -0.000000002173671, 0.000000004333366, -0.000000000981075, 0.000000000707436, -0.000000002323979, 0.000000002134584, -0.000000000672003, 0.000000002077652, -0.000000002612859, 0.000000003069296, 0.000000004170090, -0.000000004291692, 0.000000002412726, -0.000000004898382, 0.000000004085233, 0.000000002872383, -0.000000004810175, 0.000000001513423, 0.000000002726701, 0.000000003120476, 0.000000003106464, 0.000000004773511, 0.000000001145537, -0.000000001697749, 0.000000003950738
-0.000000004731646, 0.000000002901643, -0.000000003986468, -0.000000003821924, 0.000000002542038, -0.000000002173671, 0.000000004333366, -0.000000000981075, 0.000000000707436, -0.000000002323979, 0.000000002134584, -0.000000000672003, 0.000000002077652, -0.000000002638949, 0.000000003074952, 0.000000004169252, -0.000000004291763, 0.000000002412524, -0.000000004898375, 0.000000004085244, 0.000000002872383, -0.000000004810161, 0.000000001513423, 0.000000002726701, 0.000000003120476, 0.000000003106464, 0.000000004773511, 0.000000001145537, -0.000000001697749, 0.000000003950738
-0.000000004731646, 0.000000002901650, -0.000000003986468, -0.000000003821924, 0.000000002542038, -0.000000002173671, 0.000000004333366, -0.000000000981075, 0.000000000707432, -0.000000002323965, 0.000000002134584, -0.000000000672003, 0.000000002077641, -0.000000002634323, 0.000000003073943, 0.000000004169401, -0.000000004291749, 0.000000002412555, -0.000000004898382, 0.000000004085235, 0.000000002872383, -0.000000004810175, 0.000000001513432, 0.000000002726694, 0.000000003120476, 0.000000003106450, 0.000000004773511, 0.000000001145537, -0.000000001697749, 0.000000003950738
-0.000000004731646, 0.000000002901643, -0.000000003986468, -0.000000003821924, 0.000000002542038, -0.000000002173671, 0.000000004333366, -0.000000000981075, 0.000000000707436, -0.000000002323979, 0.000000002134584, -0.000000000672003, 0.000000002077652, -0.000000002628330, 0.000000003072650, 0.000000004169593, -0.000000004291735, 0.000000002412605, -0.000000004898382, 0.000000004085235, 0.000000002872383, -0.000000004810175, 0.000000001513423, 0.000000002726701, 0.000000003120476, 0.000000003106464, 0.000000004773511, 0.000000001145537, -0.000000001697749, 0.000000003950738
-0.000000004731646, 0.000000002901643, -0.000000003986468, -0.000000003821924, 0.000000002542038, -0.000000002173671, 0.000000004333366, -0.000000000981075, 0.000000000707436, -0.000000002323979, 0.000000002134584, -0.000000000672003, 0.000000002077652, -0.000000002643603, 0.000000003075961, 0.000000004169095, -0.000000004291778, 0.000000002412484, -0.000000004898382, 0.000000004085237, 0.000000002872383, -0.000000004810175, 0.000000001513423, 0.000000002726701, 0.000000003120476, 0.000000003106464, 0.000000004773511, 0.000000001145537, -0.000000001697749, 0.000000003950738
-0.000000004731646, 0.000000002901643, -0.000000003986468, -0.000000003821924, 0.000000002542038, -0.000000002173671, 0.000000004333366, -0.000000000981075, 0.000000000707436, -0.000000002323979, 0.000000002134584, -0.000000000672003, 0.000000002077652, -0.000000002628330, 0.000000003072650, 0.000000004169593, -0.000000004291735, 0.000000002412605, -0.000000004898382, 0.000000004085235, 0.000000002872383, -0.000000004810175, 0.000000001513423, 0.000000002726701, 0.000000003120476, 0.000000003106464, 0.000000004773511, 0.000000001145537, -0.000000001697749, 0.000000003950738
-0.000000004731646, 0.000000002901643, -0.000000003986468, -0.000000003821924, 0.000000002542038, -0.000000002173671, 0.000000004333366, -0.000000000981075, 0.000000000707436, -0.000000002323979, 0.000000002134584, -0.000000000672003, 0.000000002077652, -0.000000002628330, 0.000000003072650, 0.000000004169593, -0.000000004291735, 0.000000002412605, -0.000000004898382, 0.000000004085235, 0.000000002872383, -0.000000004810175, 0.000000001513423, 0.000000002726701, 0.000000003120476, 0.000000003106464, 0.000000004773511, 0.000000001145537, -0.000000001697749, 0.000000003950738
-0.000000004731646, 0.000000002901650, -0.000000003986464, -0.000000003821924, 0.000000002542038, -0.000000002173671, 0.000000004333366, -0.000000000981075, 0.000000000707431, -0.000000002323993, 0.000000002134556, -0.000000000671996, 0.000000002077655, -0.000000002634849, 0.000000003074078, 0.000000004169380, -0.000000004291749, 0.000000002412563, -0.000000004898368, 0.000000004085246, 0.000000002872383, -0.000000004810161, 0.000000001513413, 0.000000002726694, 0.000000003120476, 0.000000003106479, 0.000000004773511, 0.000000001145537, -0.000000001697757, 0.000000003950746
-0.000000004731643, 0.000000002901643, -0.000000003986475, -0.000000003821910, 0.000000002542038, -0.000000002173667, 0.000000004333380, -0.000000000981061, 0.000000000707441, -0.000000002323979, 0.000000002134598, -0.000000000672003, 0.000000002077645, -0.000000002573204, 0.000000003060705, 0.000000004171369, -0.000000004291593, 0.000000002413024, -0.000000004898396, 0.000000004085221, 0.000000002872383, -0.000000004810190, 0.000000001513418, 0.000000002726690, 0.000000003120473, 0.000000003106479, 0.000000004773511, 0.000000001145537, -0.000000001697746, 0.000000003950738
-0.000000004731646, 0.000000002901643, -0.000000003986468, -0.000000003821924, 0.000000002542038, -0.000000002173671, 0.000000004333366, -0.000000000981075, 0.000000000707436, -0.000000002323979, 0.000000002134584, -0.000000000672003, 0.000000002077652, -0.000000002633410, 0.000000003073751, 0.000000004169429, -0.000000004291749, 0.000000002412566, -0.000000004898382, 0.000000004085235, 0.000000002872383, -0.000000004810175, 0.000000001513423, 0.000000002726701, 0.000000003120476, 0.000000003106464, 0.000000004773511, 0.000000001145537, -0.000000001697749, 0.000000003950738
-0.000000004731646, 0.000000002901643, -0.000000003986468, -0.000000003821924, 0.000000002542038, -0.000000002173671, 0.000000004333366, -0.000000000981075, 0.000000000707436, -0.000000002323979, 0.000000002134584, -0.000000000672003, 0.000000002077652, -0.000000002628330, 0.000000003072650, 0.000000004169593, -0.000000004291735, 0.000000002412605, -0.000000004898382, 0.000000004085235, 0.000000002872383, -0.000000004810175, 0.000000001513423, 0.000000002726701, 0.000000003120476, 0.000000003106464, 0.000000004773511, 0.000000001145537, -0.000000001697749, 0.000000003950738
-0.000000004731646, 0.000000002901643, -0.000000003986468, -0.000000003821924, 0.000000002542038, -0.000000002173671, 0.000000004333366, -0.000000000981075, 0.000000000707436, -0.000000002323979, 0.000000002134584, -0.000000000672003, 0.000000002077652, -0.000000002628131, 0.000000003072607, 0.000000004169593, -0.000000004291735, 0.000000002412605, -0.000000004898382, 0.000000004085235, 0.000000002872383, -0.000000004810175, 0.000000001513423, 0.000000002726701, 0.000000003120476, 0.000000003106464, 0.000000004773511, 0.000000001145537, -0.000000001697749, 0.000000003950738
-0.000000004731646, 0.000000002901643, -0.000000003986468, -0.000000003821924, 0.000000002542038, -0.000000002173671, 0.000000004333366, -0.000000000981075, 0.000000000707436, -0.000000002323979, 0.000000002134584, -0.000000000672003, 0.000000002077652, -0.000000002633833, 0.000000003073843, 0.000000004169422, -0.000000004291749, 0.000000002412563, -0.000000004898382, 0.000000004085237, 0.000000002872383, -0.000000004810175, 0.000000001513425, 0.000000002726701, 0.000000003120476, 0.000000003106464, 0.000000004773511, 0.000000001145537, -0.000000001697749, 0.000000003950738
-0.000000004731646, 0.000000002901643, -0.000000003986468, -0.000000003821924, 0.000000002542038, -0.000000002173671, 0.000000004333366, -0.000000000981075, 0.000000000707436, -0.000000002323979, 0.000000002134584, -0.000000000672003, 0.000000002077652, -0.000000002628330, 0.000000003072650, 0.000000004169593, -0.000000004291735, 0.000000002412605, -0.000000004898382, 0.000000004085235, 0.000000002872383, -0.000000004810175, 0.000000001513423, 0.000000002726701, 0.000000003120476, 0.000000003106464, 0.000000004773511, 0.000000001145537, -0.000000001697749, 0.000000003950738
-0.000000004731646, 0.000000002901643, -0.000000003986468, -0.000000003821924, 0.000000002542038, -0.000000002173671, 0.000000004333366, -0.000000000981075, 0.000000000707436, -0.000000002323979, 0.000000002134584, -0.000000000672003, 0.000000002077652, -0.000000002633410, 0.000000003073751, 0.000000004169429, -0.000000004291749, 0.000000002412566, -0.000000004898382, 0.000000004085235, 0.000000002872383, -0.000000004810175, 0.000000001513423, 0.000000002726701, 0.000000003120476, 0.000000003106464, 0.000000004773511, 0.000000001145537, -0.000000001697749, 0.000000003950738
-0.000000004731646, 0.000000002901643, -0.000000003986468, -0.000000003821924, 0.000000002542038, -0.000000002173671, 0.000000004333366, -0.000000000981075, 0.000000000707436, -0.000000002323979, 0.000000002134584, -0.000000000672003, 0.000000002077652, -0.000000002612829, 0.000000003069296, 0.000000004170090, -0.000000004291692, 0.000000002412726, -0.000000004898382, 0.000000004085235, 0.000000002872383, -0.000000004810175, 0.000000001513423, 0.000000002726701, 0.000000003120476, 0.000000003106464, 0.000000004773511, 0.000000001145537, -0.000000001697749, 0.000000003950738
-0.000000004731646, 0.000000002901643, -0.000000003986468, -0.000000003821924, 0.000000002542038, -0.000000002173671, 0.000000004333366, -0.000000000981075, 0.000000000707436, -0.000000002323979, 0.000000002134584, -0.000000000672003, 0.000000002077652, -0.000000002628330, 0.000000003072650, 0.000000004169593, -0.000000004291735, 0.000000002412605, -0.000000004898382, 0.000000004085235, 0.000000002872383, -0.000000004810175, 0.000000001513423, 0.000000002726701, 0.000000003120476, 0.000000003106464, 0.000000004773511, 0.000000001145537, -0.000000001697749, 0.000000003950738
-0.000000004731646, 0.000000002901643, -0.000000003986468, -0.000000003821924, 0.000000002542038, -0.000000002173671, 0.000000004333366, -0.000000000981075, 0.000000000707436, -0.000000002323979, 0.000000002134584, -0.000000000672003, 0.000000002077652, -0.000000002623647, 0.000000003071641, 0.000000004169735, -0.000000004291721, 0.000000002412644, -0.000000004898382, 0.000000004085235, 0.000000002872383, -0.000000004810175, 0.000000001513421, 0.000000002726701, 0.000000003120476, 0.000000003106464, 0.000000004773511, 0.000000001145537, -0.000000001697753, 0.000000003950738
-0.000000004731646, 0.000000002901643, -0.000000003986468, -0.000000003821924, 0.000000002542038, -0.000000002173671, 0.000000004333366, -0.000000000981075, 0.000000000707436, -0.000000002323979, 0.000000002134584, -0.000000000672003, 0.000000002077652, -0.000000002628330, 0.000000003072650, 0.000000004169593, -0.000000004291735, 0.000000002412605, -0.000000004898382, 0.000000004085235, 0.000000002872383, -0.000000004810175, 0.000000001513423, 0.000000002726701, 0.000000003120476, 0.000000003106464, 0.000000004773511, 0.000000001145537, -0.000000001697749, 0.000000003950738
-0.000000004731636, 0.000000002901658, -0.000000003986479, -0.000000003821910, 0.000000002542031, -0.000000002173671, 0.000000004333373, -0.000000000981046, 0.000000000707425, -0.000000002323951, 0.000000002134612, -0.000000000672003, 0.000000002077645, -0.000000002716273, 0.000000003091706, 0.000000004166779, -0.000000004291991, 0.000000002411934, -0.000000004898347, 0.000000004085296, 0.000000002872397, -0.000000004810133, 0.000000001513437, 0.000000002726704, 0.000000003120476, 0.000000003106450, 0.000000004773511, 0.000000001145537, -0.000000001697764, 0.000000003950731
-0.000000004731643, 0.000000002901643, -0.000000003986475, -0.000000003821910, 0.000000002542038, -0.000000002173667, 0.000000004333380, -0.000000000981061, 0.000000000707441, -0.000000002323979, 0.000000002134598, -0.000000000672003, 0.000000002077645, -0.000000002573204, 0.000000003060705, 0.000000004171369, -0.000000004291593, 0.000000002413024, -0.000000004898396, 0.000000004085221, 0.000000002872383, -0.000000004810190, 0.000000001513418, 0.000000002726690, 0.000000003120473, 0.000000003106479, 0.000000004773511, 0.000000001145537, -0.000000001697746, 0.000000003950738
-0.000000004731646, 0.000000002901643, -0.000000003986468, -0.000000003821924, 0.000000002542038, -0.000000002173671, 0.000000004333366, -0.000000000981075, 0.000000000707436, -0.000000002323979, 0.000000002134584, -0.000000000672003, 0.000000002077652, -0.000000002628131, 0.000000003072607, 0.000000004169593, -0.000000004291735, 0.000000002412605, -0.000000004898382, 0.000000004085235, 0.000000002872383, -0.000000004810175, 0.000000001513423, 0.000000002726701, 0.000000003120476, 0.000000003106464, 0.000000004773511, 0.000000001145537, -0.000000001697749, 0.000000003950738
-0.000000004731646, 0.000000002901643, -0.000000003986468, -0.000000003821924, 0.000000002542038, -0.000000002173671, 0.000000004333366, -0.000000000981075, 0.000000000707436, -0.000000002323979, 0.000000002134584, -0.000000000672003, 0.000000002077652, -0.000000002633833, 0.000000003073843, 0.000000004169422, -0.000000004291749, 0.000000002412563, -0.000000004898382, 0.000000004085237, 0.000000002872383, -0.000000004810175, 0.000000001513425, 0.000000002726701, 0.000000003120476, 0.000000003106464, 0.000000004773511, 0.000000001145537, -0.000000001697749, 0.000000003950738
-0.000000004731646, 0.000000002901643, -0.000000003986468, -0.000000003821924, 0.000000002542038, -0.000000002173671, 0.000000004333366, -0.000000000981075, 0.000000000707436, -0.000000002323979, 0.000000002134584, -0.000000000672003, 0.000000002077652, -0.000000002628330, 0.000000003072650, 0.000000004169593, -0.000000004291735, 0.000000002412605, -0.000000004898382, 0.000000004085235, 0.000000002872383, -0.000000004810175, 0.000000001513423, 0.000000002726701, 0.000000003120476, 0.000000003106464, 0.000000004773511, 0.000000001145537, -0.000000001697749, 0.000000003950738
-0.000000004731646, 0.000000002901643, -0.000000003986468, -0.000000003821924, 0.000000002542038, -0.000000002173671, 0.000000004333366, -0.000000000981075, 0.000000000707436, -0.000000002323979, 0.000000002134584, -0.000000000672003, 0.000000002077652, -0.000000002633410, 0.000000003073751, 0.000000004169429, -0.000000004291749, 0.000000002412566, -0.000000004898382, 0.000000004085235, 0.000000002872383, -0.000000004810175, 0.000000001513423, 0.000000002726701, 0.000000003120476, 0.000000003106464, 0.000000004773511, 0.000000001145537, -0.000000001697749, 0.000000003950738
-0.000000004731646, 0.000000002901643, -0.000000003986468, -0.000000003821924, 0.000000002542038, -0.000000002173671, 0.000000004333366, -0.000000000981075, 0.000000000707436, -0.000000002323979, 0.000000002134584, -0.000000000672003, 0.000000002077652, -0.000000002612829, 0.000000003069296, 0.000000004170090, -0.000000004291692, 0.000000002412726, -0.000000004898382, 0.000000004085235, 0.000000002872383, -0.000000004810175, 0.000000001513423, 0.000000002726701, 0.000000003120476, 0.000000003106464, 0.000000004773511, 0.000000001145537, -0.000000001697749, 0.000000003950738
-0.000000004731646, 0.000000002901643, -0.000000003986468, -0.000000003821924, 0.000000002542038, -0.000000002173671, 0.000000004333366, -0.000000000981075, 0.000000000707436, -0.000000002323979, 0.000000002134584, -0.000000000672003, 0.000000002077652, -0.000000002628330, 0.000000003072650, 0.000000004169593, -0.000000004291735, 0.000000002412605, -0.000000004898382, 0.000000004085235, 0.000000002872383, -0.000000004810175, 0.000000001513423, 0.000000002726701, 0.000000003120476, 0.000000003106464, 0.000000004773511, 0.000000001145537, -0.000000001697749, 0.000000003950738
-0.000000004731646, 0.000000002901643, -0.000000003986468, -0.000000003821924, 0.000000002542038, -0.000000002173671, 0.000000004333366, -0.000000000981075, 0.000000000707436, -0.000000002323979, 0.000000002134584, -0.000000000672003, 0.000000002077652, -0.000000002623647, 0.000000003071641, 0.000000004169735, -0.000000004291721, 0.000000002412644, -0.000000004898382, 0.000000004085235, 0.000000002872383, -0.000000004810175, 0.000000001513421, 0.000000002726701, 0.000000003120476, 0.000000003106464, 0.000000004773511, 0.000000001145537, -0.000000001697753, 0.000000003950738
