-0.095680082400278, -0.035086364922064, -1.100039514202415, 1.818535676474475, 0.567163242645933, 0.760921364733775, 5.676683844942332, -1.684522728078861, -1.404081645529036, -3.444842988794559, 0.514879206353697, -7.688450344817107, 0.600856292002376, -0.815264910094896, 1.919139140551046, -0.309086992827972, -0.341615192700992, 0.554852456982196, 0.026317011154184, 0.134746038853677, -0.163267514242307, 0.152487054516051, 0.221514328463591, 0.482329116995434, 0.034548625883009, 0.000003142734286, 0.029803135281611, -0.016896116247921, -0.010381419384142, -0.018749215574893
-0.351402008992046, -0.128853557347719, -4.039786823619586, 6.678301917261898, 2.082793769200215, 2.794323562758166, 20.846748501746880, -6.186180463799985, -5.156260709850677, -12.650662217210566, 1.890956773451249, -28.234677980275787, 2.206566072988544, -2.993973424154806, 7.047745495234267, -1.135016177708579, -1.254468635092600, 2.037588460778430, 0.096635562019692, 0.494811514806713, -0.599642323803067, 0.560091626583421, 0.813674708524744, 1.771245353267004, 0.126760627468627, 0.000038574391347, 0.109439316047464, -0.062054549734313, -0.038050006581312, -0.068870909472462
-0.131951004146678, -0.048392197328813, -1.517275659872233, 2.508158842093458, 0.782360153328476, 1.049847936981202, 7.829804889373335, -2.323486684042408, -1.936772504040029, -4.751430592350495, 0.709804329938629, -10.604423505241861, 0.828862603304657, -1.124342563512865, 2.647223798664555, -0.426291595978213, -0.471509710401406, 0.765433884131262, 0.036229673957152, 0.185760672705101, -0.225185973447942, 0.210396173123542, 0.305718219449126, 0.665422059530105, 0.047579692176941, 0.000027731131311, 0.041102698951519, -0.023326246795648, -0.014224854886162, -0.025950036369320
-0.052370949810246, -0.019193643266266, -0.602024208157495, 0.995213996243990, 0.310361529944991, 0.416307055012133, 3.106513390660169, -0.921822695922458, -0.768358991770747, -1.885190552972670, 0.281812083482260, -4.207545048415416, 0.328785087433573, -0.446178858732658, 1.050209331458895, -0.169218347025364, -0.186836801804894, 0.303595111050853, 0.014405020020547, 0.073750217142006, -0.089363138034713, 0.083401800829087, 0.121057018844766, 0.263935512456497, 0.018971418610826, -0.000006568111175, 0.016312795863399, -0.009221267560406, -0.005791877758462, -0.010235691244976
-0.189388994575829, -0.069403308574296, -2.177437428147265, 3.599812562541878, 1.122634801867100, 1.505921927737695, 11.236723272085172, -3.334426449693673, -2.779191060638489, -6.818915276038510, 1.019553756137025, -15.219060201879085, 1.189307974133570, -1.613877797603148, 3.798714647256595, -0.611823573815698, -0.675947008847544, 1.098165285015696, 0.052214301939188, 0.266848263834753, -0.323189425123196, 0.301709776997932, 0.438302460258221, 0.954635271860402, 0.068474178726782, 0.000064075682232, 0.059095112747393, -0.033401159832167, -0.020677658103619, -0.037082036045110
0.215393795809796, 0.078971407207865, 2.476156951409571, -4.093559830887173, -1.276613624958301, -1.713160206089029, -12.778538906493282, 3.792037731289135, 3.160641917900222, 7.754423916750540, -1.158739569825233, 17.306935069418770, -1.352581032271118, 1.835012410205408, -4.320166246321747, 0.695876421751066, 0.769189757227998, -1.249079510453591, -0.059140767408870, -0.303421615653839, 0.367538073430886, -0.343142029097159, -0.498610133724384, -1.085902941154536, -0.077873103044787, 0.000055953641883, -0.067095124816937, 0.038131272554409, 0.023517975268437, 0.042218528240582
-0.642511167351927, -0.236339512582896, -7.402151868913741, 12.230511714875981, 3.815061234570074, 5.117771276363243, 38.181566792758431, -11.329328141897236, -9.444635082670708, -23.170092686094129, 3.463009143473142, -51.711957362382357, 4.042712555471617, -5.482244830962898, 12.909485279682229, -2.079791547025707, -2.297583000665675, 3.731409036203019, 0.178296686846387, 0.906135014231658, -1.098377644992915, 1.025795676817090, 1.487924691057408, 3.245443123959046, 0.233081729380493, -0.000801112004673, 0.200582733984682, -0.113946592890230, -0.071356505398210, -0.125643458956187
-0.392690025141981, -0.144087890256264, -4.514516846107206, 7.463290593540350, 2.327496405737165, 3.122497321680065, 23.296713727247237, -6.913259700234832, -5.762219578932042, -14.137529544264012, 2.113700167801564, -31.553148672829796, 2.465835629299590, -3.345871564004860, 7.875830671045108, -1.268254296506257, -1.401756091222538, 2.276883650739769, 0.108115299934099, 0.553188631893811, -0.670055644239660, 0.625889698027869, 0.909025497837767, 1.979192386976370, 0.141900910800331, 0.000081919486433, 0.122406755779643, -0.069374752042933, -0.042626362710262, -0.077043844265877
-0.556426164984778, -0.204026769295181, -6.396428658948032, 10.574216706093431, 3.298059688550744, 4.425088759121692, 33.008976332092253, -9.795274837740735, -8.164669957035251, -20.031163067162250, 2.993338382437835, -44.706698174418847, 3.494046279018676, -4.740384174375972, 11.159851691172406, -1.797320506957149, -1.986918333698398, 3.226510385543584, 0.152871851013927, 0.783630386869362, -0.949416089608043, 0.886631822426267, 1.287857440106045, 2.804992256978574, 0.200996479511359, 0.000100962652027, 0.173315814820405, -0.098184137236117, -0.060706573035144, -0.108968147038869
0.194397688129676, 0.071343643063036, 2.235649753739104, -3.695877356166207, -1.152428629835889, -1.546021595224090, -11.536405577084651, 3.423382421796937, 2.853232706849901, 7.000804676039074, -1.046853814644390, 15.625175548461357, -1.220851079247410, 1.657083957129895, -3.899853337774289, 0.628120274274806, 0.693833325337806, -1.127471838817030, -0.053585849805536, -0.273888749185744, 0.331654443543094, -0.309865744760970, -0.450066803544523, -0.979896396506872, -0.070268640130972, -0.000012400698601, -0.060688489981729, 0.034312202646475, 0.021042732701897, 0.038073788217115
0.171305618886045, 0.062828478335504, 1.969460209173995, -3.255836060627281, -1.015457286347193, -1.362403051877877, -10.163373199237853, 3.015922115526593, 2.513883090086853, 6.167546103996060, -0.921731677067896, 13.765138647537988, -1.075791936739378, 1.459584481164136, -3.436025575622651, 0.553388946479544, 0.611703300739848, -0.993420791694845, -0.047119483625451, -0.241208440490496, 0.292325746445265, -0.273047900567320, -0.396693919199940, -0.863590131030316, -0.061825310501488, -0.000019517129843, -0.053389099690584, 0.030266830028552, 0.018533565081608, 0.033575030275241
-0.158153619843731, -0.058026981609670, -1.818162198320202, 3.006128371801289, 0.937273162391072, 1.257156822496455, 9.382736903572074, -2.784328093225461, -2.320512862672652, -5.693836764733451, 0.851711336755308, -12.708366400210796, 0.992834582503406, -1.347873811007574, 3.171569645132045, -0.510735759564767, -0.564083464864773, 0.916898343291841, 0.043622555174103, 0.222685540307118, -0.269859811752703, 0.252086320084096, 0.366383529657590, 0.796692741419070, 0.056979371786895, 0.000091984130513, 0.049296438990147, -0.027923231019798, -0.016758768723697, -0.031053521738837
-0.329901147556697, -0.121365592882162, -3.794426773328340, 6.272217599994278, 1.956324959537483, 2.624202520472146, 19.578761519770111, -5.810228533505146, -4.842633846804205, -11.881137245797330, 1.776204177419528, -26.517335419930209, 2.072716490516044, -2.811542651514978, 6.619120435962373, -1.066044302683508, -1.178329634412037, 1.913460612757717, 0.091437647437161, 0.464836388222281, -0.562786490420372, 0.525961756400925, 0.763661865672631, 1.663382848496529, 0.119787630099498, -0.000273535216095, 0.103329739360248, -0.058155034722276, -0.035998224529791, -0.065141828694962
-0.448987977447999, -0.164572932521896, -5.161322690881683, 8.532779743276926, 2.661013719656140, 3.569950017191779, 26.635029510022129, -7.903810411276453, -6.587841200996028, -16.163316668685848, 2.416059706170604, -36.074532894656343, 2.819004539990935, -3.825322740202042, 9.004403417478947, -1.450314165579158, -1.602474723590028, 2.603271494706462, 0.123520371807238, 0.632299310654453, -0.766026875047949, 0.715313632373601, 1.038978973787408, 2.262961716187156, 0.162254611888555, 0.000089190467115, 0.139876822651118, -0.079197193751568, -0.048963943609142, -0.087900244578268
-0.247917002896948, -0.090933705419678, -2.850695875343270, 4.712729271818411, 1.469635789125157, 1.971568626950202, 14.710708438597358, -4.365295660723802, -3.638386595817011, -8.927089203517955, 1.334575372196854, -19.924357273416479, 1.556863987022680, -2.112868293991532, 4.973043279863973, -0.801004634544782, -0.884935905418772, 1.437772509098338, 0.068168650712565, 0.349094666539877, -0.423212763372241, 0.395161024628145, 0.574088782690872, 1.249723142370055, 0.089410366760581, 0.000023858276059, 0.077228784317718, -0.043801899839039, -0.026907682106433, -0.048564747773504
-0.646679195864145, -0.237140637006428, -7.434989643348054, 12.292616147011607, 3.832678415869452, 5.141539716855320, 38.368718190986620, -11.385517972547575, -9.489378194732272, -23.283881947626057, 3.481737216296398, -51.967422234418777, 4.060182959330490, -5.511117463348103, 12.970113938619548, -2.089061976841066, -2.307420582837274, 3.749679442505780, 0.178651332355187, 0.910809198926316, -1.103431582217759, 1.030591713774456, 1.497346195655993, 3.258645236976539, 0.233459580476177, 0.000117730798941, 0.201642958086360, -0.114156191945384, -0.069557689519769, -0.126705794157377
0.137920382417470, 0.050575703488045, 1.585704797574458, -2.621391875271335, -0.817577567695565, -1.096901098438082, -8.182907331340644, 2.428231343900428, 2.023997145051819, 4.965721498249849, -0.742158833095445, 11.082834904355014, -0.866151250820280, 1.175184665263142, -2.766451637433128, 0.445545817672851, 0.492475188411419, -0.799829991492054, -0.037932328440121, -0.194227277010285, 0.235349428617397, -0.219818338909619, -0.319344626781351, -0.695294405213323, -0.049794593750628, -0.000007204641896, -0.042963295827612, 0.024363558731466, 0.014943933862771, 0.027028920843282
-0.225804228119053, -0.082797671123993, -2.595657244134536, 4.291119757216904, 1.338291986998108, 1.795407157866244, 13.394892861952172, -3.974867298729649, -3.313115312048833, -8.128572619332644, 1.215037858540747, -18.141979064042129, 1.417805876462410, -1.923735739890509, 4.528476101873075, -0.729300928907705, -0.806046326183697, 1.309211566308811, 0.062126229528438, 0.318001525719268, -0.385237988451486, 0.359845090181281, 0.522748137561059, 1.138086784248761, 0.081496698214692, -0.000003013990714, 0.070325387421242, -0.039886188876267, -0.024452989520309, -0.044280753017748
-0.766562915971001, -0.281656535555934, -8.816253117418839, 14.573946282244975, 4.544741398878763, 6.095122209633196, 45.490184747308987, -13.499358701835632, -11.251432401213572, -27.605888099778770, 4.126584496117546, -61.612810794750850, 4.813647558489279, -6.532967793453846, 15.377575483283579, -2.475778223592286, -2.735368742299961, 4.445184950026082, 0.210641138437055, 1.080658218022265, -1.308345156383631, 1.221190293539941, 1.773719260510511, 3.863608424205699, 0.277948951649460, 0.001166282708226, 0.240381638846507, -0.134967999430856, -0.082232190828844, -0.150667517460430
0.095848947351222, 0.035144561960097, 1.102000014551088, -1.821782318608321, -0.568152018193892, -0.762208399295744, -5.686743387630230, 1.687507439611764, 1.406548482913944, 3.450962626154549, -0.515868539883133, 7.702125037936948, -0.601894722887820, 0.816736279516284, -1.922501274576000, 0.309629909184139, 0.342142891483668, -0.555811230866183, -0.026371317217929, -0.134994121784473, 0.163557404981276, -0.152753155380282, -0.221901667981932, -0.483147357020446, -0.034605780256124, -0.000001756605151, -0.029852783546239, 0.016919333726037, 0.010400282590947, 0.018783769605371
0.186994013895635, 0.068575618236784, 2.149829901044519, -3.554037617729357, -1.108413772047491, -1.487018885605373, -11.094084857085875, 3.292094230559385, 2.744006015997314, 6.732355545622006, -1.006309487433667, 15.025791250155024, -1.174241037700625, 1.593311186417981, -3.750596170650930, 0.604047685573406, 0.667560894636459, -1.084339917928389, -0.051436249213388, -0.263347178826315, 0.319091718958298, -0.298010627025313, -0.432918440822228, -0.942592123415534, -0.067520191237977, -0.000021340812289, -0.058244513907006, 0.033024988913667, 0.020273405109769, 0.036639739404027
-0.403359419510984, -0.147923200440088, -4.637600810899237, 7.666590853287452, 2.391093180567957, 3.207897247615918, 23.931777471923255, -7.101642458512316, -5.919354559035996, -14.522785275611632, 2.170715593760534, -32.412999107984923, 2.533134588896580, -3.437042732986104, 8.090697735898694, -1.303007360484628, -1.440194655406160, 2.339142622062027, 0.110934816392309, 0.568017319253251, -0.688330711789355, 0.642917933868226, 0.933999672472360, 2.033398343279101, 0.145654179998111, 0.000016861776494, 0.125642769164394, -0.071239258471138, -0.043711367434494, -0.079056964253912
0.155233133421198, 0.056873860322824, 1.784489591038145, -2.950139467279882, -0.919904896398798, -1.233620131121143, -9.208385298196959, 2.732511184759773, 2.277388359618577, 5.588138574450760, -0.836063180657925, 12.472290580715473, -0.974423729568215, 1.322837162681072, -3.112736787765662, 0.501278652538304, 0.553502848624163, -0.899818083218271, -0.042797165780314, -0.218692870032868, 0.264899578867386, -0.247351448384741, -0.359266294622934, -0.781968845754526, -0.056028689817065, -0.000045509437875, -0.048416337241029, 0.027392909251091, 0.016838666525384, 0.030354210966305
0.187164403709055, 0.068634836805414, 2.151878668372184, -3.557080592586395, -1.109547791121024, -1.488892953051476, -11.104274723897021, 3.295149107971085, 2.746709690169343, 6.738474264133153, -1.006843690287642, 15.039285922775004, -1.175501471055185, 1.594575533320203, -3.754332138358563, 0.604635303507251, 0.668584429907099, -1.085485313563893, -0.051382923066825, -0.263251005956704, 0.319373833160583, -0.298439385079767, -0.433711146922029, -0.943722042503994, -0.067381777187569, 0.000031996364093, -0.058193681695919, 0.033135892736453, 0.020106644917366, 0.036692932203348
-0.016354048050715, -0.005998509392228, -0.188040798661056, 0.310846146575535, 0.096952655713132, 0.130078637571245, 0.970348537494985, -0.287948520818617, -0.240012901300906, -0.588846618437600, 0.087999226584763, -1.314222548103561, 0.102713486025664, -0.139350396286606, 0.328057974556302, -0.052838222391529, -0.058403681559177, 0.094848344276016, 0.004497604875795, 0.023030448206391, -0.027909443494814, 0.026065712820134, 0.037869279717306, 0.082458590959163, 0.005906002389742, -0.000000378633693, 0.005092236946503, -0.002889313815061, -0.001774391009889, -0.003204076192524
-0.126096463524398, -0.046244964490343, -1.449753640839461, 2.396592479727012, 0.747498680962956, 1.002931806043193, 7.481331348612159, -2.220051362621234, -1.850505115760308, -4.539961479932280, 0.678435332411741, -10.132581840270213, 0.791917381630384, -1.074384880365248, 2.529320792759172, -0.407341976708864, -0.450336890109433, 0.731289912439024, 0.034646944994883, 0.177534258661744, -0.215163738558338, 0.201008857774745, 0.292089972513729, 0.635715318469552, 0.045481120460588, -0.000000651648143, 0.039272970784673, -0.022287763768531, -0.013583035041371, -0.024736283906133
-0.535931927995996, -0.196622701152821, -6.161834638281967, 10.187340770096803, 3.176617213070863, 4.261009913920930, 31.798054396103083, -9.435916690208813, -7.864167887048340, -19.296409415028812, 2.885828636836712, -43.068139927609543, 3.365149039352929, -4.567626238708923, 10.748986325403663, -1.731481428062878, -1.911821738210030, 3.107422675741802, 0.147632929414577, 0.754804022705457, -0.914639744172327, 0.853923719048595, 1.240246571709271, 2.700905208317197, 0.193369289226754, -0.000111049267090, 0.166547630615987, -0.094553958969854, -0.058397568322935, -0.104801522268296
-0.345936458138205, -0.126843121734836, -3.977026845402868, 6.574960563747787, 2.050372082940186, 2.750649435790827, 20.523348956648420, -6.090211371938956, -5.076148143725097, -12.454460881865749, 1.861989439196662, -27.796926411388451, 2.172224285348207, -2.947699675708531, 6.938145452036636, -1.117491692207636, -1.234595418493186, 2.005866811250300, 0.095192352334415, 0.487293597117606, -0.590312892868738, 0.551202527529718, 0.800562954429431, 1.743575555256971, 0.124952902409287, -0.000060575218114, 0.107740519643414, -0.061059861200306, -0.037680413299441, -0.067698368802844
-0.173437617625829, -0.063597177315598, -1.993960880778978, 3.296313115346727, 1.028077912864930, 1.379311019024620, 10.289718221835599, -3.053398228938036, -2.545124952768175, -6.244211288607403, 0.933268747392313, -13.936266974849683, 1.089167761899546, -1.477767626933332, 3.478723427918624, -0.560263181732964, -0.619257695168336, 1.005747158991028, 0.047689153774797, 0.244232727552813, -0.295950336734002, 0.276421203435056, 0.401571185350086, 0.874297210072511, 0.062582411062025, -0.000006250207271, 0.054027197194088, -0.030638919269492, -0.018816772899456, -0.034000975048148
-0.336558647486875, -0.123404926510700, -3.869478781792807, 6.396000801451613, 1.995337190035904, 2.677509620430087, 19.967542843945203, -5.925306071903492, -4.939241826414481, -12.117023065504952, 1.809845897080637, -27.043064053570301, 2.113995515009748, -2.867089081660259, 6.751315563892128, -1.087307082530515, -1.202751337358748, 1.952093384554239, 0.092599073023536, 0.473897393886219, -0.574233020994555, 0.536477194350688, 0.779481813155165, 1.697300395841030, 0.121583250122752, -0.000025924812022, 0.104970475790246, -0.059519233402455, -0.036430742196394, -0.065984343595339
-0.389762197994301, -0.143439343544149, -4.481110307588651, 7.408717461759437, 2.310356088467444, 3.099143271631661, 23.125841580324675, -6.862437326042247, -5.719703094260268, -14.033821912367056, 2.098578633064564, -31.322002191287833, 2.447395282357618, -3.321818969322267, 7.817707271411198, -1.259044626377147, -1.390891497617034, 2.260103186947433, 0.107529658830401, 0.548915111783181, -0.665116561794363, 0.621510135116374, 0.902721136802334, 1.964380684017756, 0.140934723823432, 0.000303226084299, 0.121946207259406, -0.068868667087926, -0.041993339856422, -0.076676404507964
