0.000000867205848, -0.000029160560850, 0.000012812047650, 0.000020966950963, -0.000007522608939, 0.000002181905543, -0.000019478096490, 0.000003036325840, 0.000046452488228, 0.000024973860043, 0.000013881860710, 0.000007483826607, -0.000004323097798, 0.000019901738547, -0.000003344570302, 0.000048171480529, 0.000010732360295, -0.000007405125571, 0.000010531525631, -0.000026382557252, -0.000037192660926, -0.000019241662571, 0.000003092130662, 0.000009104499846, 0.000008819990256, 0.000036989251480, -0.000022157516469, 0.000009668488307, -0.000012588015622, 0.000004129234675
-0.000028552473786, -0.000006384508836, 0.000015391350988, 0.000008339346984, -0.000000367380640, 0.000025596591179, -0.000011080199727, 0.000014648256450, -0.000025080708625, -0.000006902124014, 0.000000989811369, 0.000003304257234, 0.000010675839370, 0.000016440901042, -0.000004324529243, 0.000009721607086, -0.000002590204815, -0.000003536249963, -0.000045664580903, -0.000059610480797, 0.000003569278007, -0.000001608078449, 0.000003815895631, 0.000010819225071, -0.000004026837232, 0.000000950335750, 0.000031522070600, 0.000025909180133, -0.000015554182959, 0.000029454051585
-0.000062480851298, 0.000000960180643, 0.000001720968719, 0.000033010956422, -0.000008022207798, 0.000001885702964, 0.000011950695736, -0.000008091609939, 0.000018726078729, -0.000009091286948, 0.000026196440402, 0.000022129679387, -0.000019588731448, 0.000007884661450, -0.000004226659541, -0.000016565236564, 0.000012012528686, 0.000012814117752, 0.000013394504913, -0.000019587397958, -0.000019804330407, 0.000030363791964, 0.000000529020078, -0.000011442453921, -0.000001431583641, 0.000005558519685, 0.000015397625852, -0.000008917379123, -0.000017306135724, -0.000001372208168
-0.000018911137282, -0.000025422980350, -0.000037971843170, -0.000032695979876, -0.000020943580839, 0.000015278665686, -0.000029569041260, -0.000041877045376, -0.000013806246798, 0.000002962793111, -0.000010868142581, 0.000020091728242, -0.000010322709308, -0.000018304812855, 0.000006084191895, -0.000014467458726, -0.000019846142180, 0.000021916251329, -0.000000616657254, -0.000013660779949, -0.000009909315608, -0.000022566303073, 0.000019204774539, -0.000020081653673, 0.000021676424609, 0.000007493060334, -0.000008653369687, 0.000000328378761, 0.000004635337838, -0.000002237296584
-0.000010630292344, -0.000006389161420, -0.000016235809188, 0.000000613982813, 0.000005460332257, -0.000009154115013, 0.000019438661553, -0.000032574227220, -0.000007354565462, -0.000054847867595, 0.000032478893765, 0.000001973939163, -0.000003167743984, -0.000009189620762, -0.000015125746131, 0.000009250886777, -0.000015594710888, -0.000002908732614, -0.000001142069779, 0.000000663421872, 0.000008168976393, -0.000006112975541, 0.000053775337221, -0.000006753574578, 0.000042448084187, 0.000007804638411, 0.000001823117614, 0.000032212513361, 0.000011219211167, 0.000035128678988
-0.000021683778883, -0.000015760093014, -0.000007999348810, -0.000005711526690, 0.000013584022067, 0.000015441099166, -0.000025660918794, -0.000009764170812, 0.000019962141870, 0.000019361770278, 0.000018646639376, 0.000042406767207, 0.000006813698530, -0.000021787341204, 0.000011075284789, -0.000020802133861, 0.000023753593268, -0.000013668991469, -0.000000824971758, -0.000027989778573, -0.000013314332861, -0.000031493462586, 0.000000217542407, 0.000014034853880, -0.000006808328791, -0.000004497129474, -0.000007477253337, -0.000018233578050, 0.000005184567847, -0.000002470901528
0.000010500119515, -0.000021992043777, 0.000025400585614, -0.000008093505684, -0.000018505486334, -0.000021389958142, 0.000013380290511, 0.000000198851499, -0.000011024995544, -0.000019350682145, -0.000034496580433, 0.000025270469870, -0.000022792255994, 0.000011729664841, 0.000017275734535, -0.000001052052156, 0.000015289899466, 0.000005482212000, -0.000017082682156, 0.000007337112592, -0.000008707844145, -0.000002296890315, 0.000010856179500, -0.000018964513281, 0.000007562094964, -0.000009490706912, -0.000029995041881, 0.000022607358899, 0.000011248019312, 0.000012805628813
0.000013352662201, 0.000016529680025, 0.000006480303739, -0.000012010291194, 0.000042386611110, 0.000001465599418, 0.000025408864417, -0.000004464953879, -0.000015416413298, 0.000003302307768, 0.000048663085487, -0.000003860388325, 0.000028661418352, 0.000006776687165, -0.000021551283666, 0.000012307980342, 0.000011851775156, -0.000012026783489, 0.000002215596638, -0.000013739087251, -0.000047309888060, -0.000011567197120, 0.000016851516101, 0.000000780425509, 0.000015693628626, 0.000005690118957, -0.000013701492595, 0.000004924165594, -0.000012645094316, 0.000007883334177
-0.000009387206788, -0.000019572307274, 0.000006248719597, -0.000012469544608, -0.000009129111387, 0.000002300255133, -0.000003942808164, -0.000021975478404, 0.000006753542614, -0.000005248426170, -0.000019332251227, -0.000008186983180, -0.000039437710939, 0.000017124421994, -0.000010360616358, 0.000022084058187, 0.000005361101131, 0.000030723704466, -0.000017198647145, 0.000016992173855, -0.000009095367247, 0.000025846676536, -0.000012904157494, 0.000016508702974, 0.000009524716340, -0.000016921320320, 0.000009919807134, 0.000003497987537, 0.000005186075910, -0.000001753864225
-0.000014609704564, 0.000016685909692, 0.000013316639631, 0.000002833149047, -0.000018943034867, -0.000003220443837, -0.000017600685325, 0.000059778732297, -0.000011570168404, 0.000019469691559, -0.000006609810953, -0.000008881770654, 0.000024011157162, -0.000033117083916, 0.000022972825846, 0.000011112737369, 0.000001240394425, -0.000000688208612, -0.000022183043457, 0.000014106184132, 0.000029172776308, -0.000006745879077, 0.000009488716394, 0.000041437829207, 0.000000484161603, -0.000037054905764, 0.000007193656934, -0.000003224728644, 0.000008717271591, 0.000025057376845
-0.000018206370648, -0.000001336784969, 0.000069412865525, -0.000017574866405, 0.000000747425677, 0.000002972177214, 0.000060772399678, -0.000008209446410, -0.000015898198342, -0.000006391275456, 0.000005327912476, 0.000022380229659, 0.000015079320686, -0.000026679805210, 0.000006042274840, 0.000014655805217, 0.000008038498123, -0.000003987961808, 0.000006168346550, 0.000008275025280, -0.000022894538432, 0.000021776038494, -0.000010809051105, 0.000006243871894, 0.000009807106792, -0.000005699561751, -0.000018779818561, -0.000005399481143, -0.000028056317227, 0.000001128152590
0.000013262044845, -0.000000644245411, -0.000022002533019, 0.000008255595269, -0.000025300556690, 0.000020820083087, -0.000047922462301, -0.000000577883423, 0.000012915044934, 0.000008321500523, -0.000032521854465, -0.000015938165781, 0.000007585642628, 0.000000369570564, -0.000014584735553, -0.000022887519563, 0.000014271486450, -0.000019477331917, -0.000022574784781, 0.000002636020611, -0.000036025127528, 0.000014807141937, -0.000003221399119, -0.000006119557380, -0.000019224414544, 0.000040597992960, 0.000009884319184, -0.000005645833602, -0.000006936071472, 0.000012888720924
-0.000000959961660, 0.000046849886054, -0.000014085670369, -0.000001530374327, -0.000013994411265, 0.000016221497148, 0.000000014969899, 0.000006898258086, -0.000009463929096, 0.000028601613245, 0.000022371064361, -0.000053871591504, 0.000003297275814, -0.000005181323139, 0.000016283291977, 0.000022277130327, 0.000007259480910, -0.000033021166634, -0.000022075852363, 0.000014892176303, 0.000011069718411, -0.000008917071312, -0.000032538017713, 0.000000194264562, -0.000041063535910, 0.000004587841833, 0.000003319411135, 0.000025781016596, 0.000000885893101, -0.000032541703241
-0.000035823933707, 0.000009771402908, 0.000025876594016, 0.000007016667503, -0.000014367256036, 0.000012332425925, 0.000016934446492, -0.000022320499728, -0.000005849793105, 0.000003921133469, 0.000013236408307, 0.000009193530037, 0.000005279838128, 0.000002534417490, 0.000022275097841, 0.000024983079882, 0.000012068634902, -0.000004393298380, 0.000020750642447, -0.000002843700102, -0.000054101150113, -0.000019413423090, 0.000010021805942, 0.000024585682038, 0.000002086981183, -0.000003801878176, 0.000035350257722, 0.000001894691675, 0.000006492061395, -0.000003494566059
0.000013002767368, -0.000001121524413, -0.000028327478816, -0.000021962017755, -0.000006265514479, 0.000014817880761, 0.000048141075879, 0.000006665300962, 0.000011197707551, 0.000001112484441, -0.000002829772185, 0.000006863757456, -0.000016781532910, -0.000022320003232, -0.000011367295542, 0.000017489875319, 0.000011444172969, -0.000009738093002, -0.000017353321183, -0.000009441717602, 0.000028569792363, -0.000017494519753, 0.000037576273073, 0.000006538710455, -0.000000395304347, -0.000031853261131, 0.000028474218251, -0.000036621351581, -0.000004440945162, 0.000006167334931
0.000002487312926, -0.000001190045161, -0.000015468356647, 0.000028292377543, 0.000002996169467, 0.000031438781598, 0.000018604253682, -0.000012086327239, 0.000001125529487, -0.000021578978270, 0.000006240585847, -0.000011669707710, 0.000000899613855, -0.000000945586855, -0.000031120940335, 0.000019922869200, -0.000016917684476, 0.000014040999992, -0.000007139927167, 0.000004886049084, 0.000012193444448, -0.000009269501646, -0.000060560356367, -0.000011403579055, 0.000005908019006, 0.000000524400431, 0.000000899555026, 0.000004803741541, 0.000022941060344, -0.000017221922121
0.000010319419381, 0.000026041122204, -0.000017401602562, -0.000004124943551, 0.000011151668254, 0.000008007579112, -0.000003529282822, -0.000015073169340, 0.000013226005009, -0.000031742433102, -0.000023263561445, 0.000015860439561, 0.000030309483392, 0.000011085018521, 0.000011625315977, -0.000006213495965, -0.000001488855986, 0.000003434903878, -0.000021289509104, -0.000006292641466, -0.000003208827223, -0.000004887218566, -0.000036745113015, -0.000009888836207, -0.000003677667905, 0.000005342708032, -0.000001593230525, -0.000040875999712, 0.000004774158938, -0.000000961123142
-0.000016154747485, -0.000008395332266, 0.000024370871358, 0.000000794520489, 0.000000945135387, -0.000029168628870, -0.000032960640524, -0.000000663341520, -0.000019364752639, -0.000007377319726, 0.000007499466861, 0.000018832461087, -0.000007087155865, -0.000002262340473, -0.000003236319493, 0.000032114821252, -0.000017619966954, 0.000009917007356, 0.000007262078370, -0.000031151659840, 0.000027220273410, 0.000003417603125, -0.000031689942048, -0.000025272619936, 0.000005248917006, 0.000013081889534, 0.000022432204830, 0.000021283167881, 0.000006063909517, 0.000006322307676
-0.000005333651451, -0.000023303240823, -0.000019969825448, 0.000023490589278, 0.000003094824372, 0.000022539482316, -0.000012824728316, 0.000022934609877, -0.000014043534030, -0.000032682288357, 0.000025123688353, -0.000013085382630, -0.000020988743511, -0.000010188342792, 0.000022816626554, -0.000008934473414, 0.000016073079763, -0.000014765258119, 0.000032464654011, -0.000013404288467, -0.000032702377865, -0.000009479434240, -0.000017343459241, -0.000000579199686, -0.000001907654621, 0.000024407691310, 0.000003363689721, -0.000004923399191, -0.000032885549764, 0.000003359746536
0.000003099318015, 0.000001722252271, -0.000016370469481, 0.000002283385250, 0.000019076339186, 0.000004025680084, 0.000006592638186, 0.000046287780766, -0.000015055384956, 0.000020318298738, -0.000004343001720, 0.000052842436460, 0.000024843680368, -0.000011927419642, 0.000015562438556, -0.000011775498166, 0.000007692683027, 0.000002410844151, -0.000007305738091, -0.000007631468073, 0.000012711093049, 0.000018903102756, 0.000022158906660, 0.000011725417519, 0.000008140880027, 0.000017584704143, -0.000009164967526, 0.000010539655703, 0.000024382713647, 0.000008095969051
0.000011440873273, -0.000070000200758, 0.000036782220292, -0.000012844154945, 0.000024591388954, -0.000028754474840, -0.000006729593466, -0.000018186263556, 0.000004094793390, 0.000016370000957, 0.000023019879094, -0.000000977495226, 0.000006131621252, -0.000026085566368, 0.000015625386794, 0.000019486359932, -0.000005551004634, 0.000008423312828, -0.000003779719334, 0.000009262478123, -0.000006244565654, -0.000016782741866, 0.000001246331820, -0.000012334317475, -0.000015066465139, -0.000009998671615, -0.000004556092989, -0.000004849378559, -0.000018088902813, 0.000025074494573
0.000020397416513, -0.000028563552640, 0.000002753599325, 0.000000742342898, 0.000001366123822, 0.000011316120414, 0.000003489269986, -0.000003517370107, -0.000001171791020, 0.000001469957660, 0.000001224736494, 0.000014840741432, -0.000014572979246, -0.000007460020520, -0.000046655535144, -0.000006016805827, 0.000002127562809, -0.000028873279377, 0.000047873456386, 0.000006213808078, -0.000024756246816, 0.000000780369760, 0.000014069155014, 0.000001898606794, -0.000016649798653, 0.000005543704205, -0.000007351924076, -0.000010219533689, 0.000022915370025, 0.000015156594856
0.000011812441358, 0.000022389344430, 0.000017304304230, -0.000006280056816, 0.000011311578302, -0.000026023305644, 0.000034717431802, 0.000014074496370, -0.000036341055512, 0.000003081161005, -0.000014908554832, 0.000013534494762, 0.000007034386808, 0.000001988533661, 0.000014282084706, -0.000011774272110, 0.000007214013763, -0.000002471931676, 0.000019441680389, 0.000008467582738, 0.000015233608721, 0.000012011757448, -0.000006400664127, -0.000002248290539, -0.000015507584592, -0.000002805997045, -0.000042864486073, -0.000003176750646, -0.000000638998230, -0.000041659562847
0.000020267241261, 0.000011790206592, 0.000021515956917, -0.000001389292258, 0.000001327358486, 0.000024905205009, 0.000004700231358, -0.000001073315016, -0.000014310056578, 0.000002532202636, -0.000041802279043, -0.000004504481339, 0.000009016043428, 0.000005873972405, 0.000028280979279, -0.000032478259385, -0.000020343704335, -0.000041807078583, -0.000037239473501, 0.000028085484097, 0.000002862846031, -0.000007045263672, 0.000023579598803, 0.000015932859196, 0.000028174426077, -0.000010298142715, 0.000024412982995, -0.000005324473285, -0.000000075927950, 0.000011759633416
-0.000017899957207, 0.000004408127687, 0.000003424027131, -0.000024306330879, 0.000012139922251, -0.000007922864590, -0.000017201580306, -0.000006010609312, 0.000040616574765, -0.000000254297184, 0.000027684565282, -0.000027265077811, -0.000000143751109, 0.000016038215257, -0.000031265838132, 0.000004819372307, -0.000014704393720, 0.000005742658098, -0.000015767841156, 0.000011696605625, -0.000005232108663, -0.000018953857534, 0.000010931369452, 0.000003511529645, -0.000021457872478, -0.000000831126318, 0.000007593246547, 0.000033165485064, -0.000004629444781, 0.000007248022023
0.000025011672484, -0.000022990168823, -0.000011039161716, 0.000007284001910, -0.000013345068108, -0.000020085769123, -0.000040095484579, 0.000004832282389, -0.000000576296081, -0.000004930743458, -0.000015019618992, 0.000003995493834, 0.000014976896487, -0.000012245679848, -0.000009888268728, -0.000012538561293, 0.000001075384105, 0.000000680807202, -0.000004743881397, -0.000002828196330, 0.000015125165504, -0.000016233009475, 0.000032565573058, -0.000017889522010, -0.000021019377911, 0.000028556011795, -0.000017441348767, 0.000020832600622, -0.000005237735614, -0.000010327261883
-0.000001307528940, 0.000029664695369, -0.000000480636579, -0.000024551267224, -0.000019099406142, 0.000001031932811, 0.000004251540844, 0.000016114472015, 0.000000200317679, 0.000013742549946, 0.000006848572298, 0.000002928249412, -0.000025608611381, 0.000000756700693, -0.000021435053846, 0.000010454407260, -0.000022407880863, -0.000004944694989, -0.000026034694201, 0.000033493491394, 0.000025330247112, 0.000004708754759, -0.000014916442900, -0.000016863221123, 0.000052707164592, 0.000016115742145, 0.000011715624044, 0.000002856756012, 0.000006406594558, 0.000024642928096
-0.000017801824193, -0.000010300577536, 0.000006535016936, 0.000015245904081, -0.000038194536653, 0.000031908928293, -0.000022630297437, -0.000007491221979, -0.000003396026734, -0.000021217257050, -0.000008108480841, -0.000003668933630, 0.000009207299762, 0.000014653917766, 0.000009387273337, -0.000001156567677, -0.000008946159411, 0.000004204895492, -0.000046472755984, 0.000017673729388, 0.000003135307452, 0.000009346872915, -0.000027442572403, -0.000013542786188, -0.000041594954354, 0.000037358281954, 0.000019470259534, 0.000019975095695, -0.000006151825204, -0.000008019539209
0.000013445507228, 0.000007929773410, -0.000021591952201, -0.000031685280192, -0.000005407619035, 0.000045454005466, -0.000024748203387, -0.000008172686215, 0.000006657671435, 0.000012594408396, 0.000002471661489, 0.000004249889301, -0.000003452235568, -0.000002450572019, 0.000010247814629, -0.000000569356459, -0.000020223521020, -0.000021616230063, 0.000008265614493, -0.000019131586107, 0.000005892215498, -0.000007374556176, -0.000009351466232, -0.000004606872967, 0.000033518551575, 0.000016435784485, -0.000019231196280, -0.000004910538490, -0.000015266195255, 0.000017258840955
-0.000021047566648, 0.000019895885778, -0.000002496985243, -0.000020156947279, -0.000001050063403, 0.000030328637017, 0.000007529082154, 0.000009457542749, -0.000015377743630, -0.000019887723326, -0.000005489315058, 0.000003828491117, -0.000003379407712, 0.000002797135167, -0.000022758475339, 0.000017335583934, -0.000002540558256, 0.000013348806690, 0.000003923967020, -0.000019373848431, 0.000025224929459, -0.000022783069440, 0.000021435037226, -0.000027166998571, 0.000004135766233, 0.000032985254752, 0.000007137606239, -0.000007772776103, -0.000013318571085, 0.000001766353272
0.000008415714809, 0.000012354854015, -0.000000446557095, -0.000022803081272, -0.000003262611749, 0.000008913837675, -0.000006398362444, -0.000007093733515, -0.000000775759709, 0.000012910214899, 0.000004833784622, -0.000004041644630, -0.000008765634810, -0.000011525621410, -0.000004219435787, 0.000012279557339, 0.000021329181507, 0.000000841083127, -0.000041582739743, -0.000010206854455, -0.000023135176548, 0.000003334291449, 0.000034484158391, 0.000041271454666, 0.000007040948105, -0.000020744446982, -0.000022551185921, 0.000024436208857, 0.000000914806883, 0.000002140007282
