0.021939640060925, -0.013951652879555, 4.436327162344952, -20.829942363172961, 11.403750721400399, -40.843122594546230, 0.678179992809973, -3.261549223679964, 0.134286588282089, -21.376314491392456, 0.267502536379004, -0.000840360635820, 0.078027852774568, 0.057915356024072, -0.100273637601909, -0.188979671986807, -0.010930760048211, -2.350921006637130, 0.924330750905654, 15.415174731155894, 75.073083231841323, -0.493044184986999, -0.004067501910400, 8.338038134532109, 0.010933470299349, -0.071427325559412, 0.138209933489179, 40.543492030000003, -2.387089276065737, 0.924501960771289
-0.084007989053731, 0.332053174826363, -6.031823757031297, -11.368474133179406, 1.283584559859733, 15.604784173066545, -0.460361564647940, -0.133311638556329, 6.131460159694001, 0.364174920284754, -0.198458821042610, 6.098832238535906, -0.146344849734234, 0.266167943630432, -0.199745826986124, -55.736092399999997, 6.079085839369112, -0.112151879061795, 0.269896488537533, 0.136695700150455, -0.000968498554212, 4.388943682449579, 7.968560528274280, 0.502928305211690, 0.006367988062344, 0.067825554826157, -0.096112544768673, 0.281727930149991, 0.001806500919940, -0.194766742289211
-4.442927183197824, 0.003969658036560, -0.022252184414889, 21.366584014518342, 0.670125479983838, 0.039138752729418, -11.396462074874194, 21.365814617244013, -0.004282571387519, -0.256601246088586, -0.008700313063544, -29.248560596110067, 0.030374557304519, -0.003227793000221, -0.496895085237849, 0.140630662148347, 3.245226981429868, -0.000334558403022, 0.041264845456681, -0.356765233561809, -0.029490887133800, -0.010835586110687, -3.240261073010378, -0.021694221791094, -0.143834968935643, 0.016452086785932, -3.242582656030478, 0.105675521882397, -0.498779382303255, 3.245429547224905
-0.002661222986681, -15.608002799548789, 6.077670304141478, -0.015592542335845, -0.500661514573608, 29.255786444622345, -0.021864289192088, -0.007770748571225, -0.074585205738742, 0.102716179990161, 0.011715311643233, -54.535707680000002, -0.002700393400509, 29.254262575187486, -3.264330575365101, -54.830948651615664, -0.021121272596226, -1.730777227833460, -6.181381226047961, -0.001639559937260, -0.921619826223871, -8.325740605500144, -11.398648841654886, 0.008223137795419, -4.442016949072396, 0.073217329021361, -0.002123224302693, -0.006408423722654, -0.008148551541098, 0.100047301003968
2.350121061350862, 0.538374750029075, -0.549820291738463, -21.264040132909550, 2.419191495065945, 2.252724843420427, -0.270084208221839, -0.660355920062472, 3.493473472586697, -40.489681238674642, -0.504932273161682, -0.192344816868868, 0.480658144679282, -4.449524664363512, -0.522780430344071, 6.028036204189121, -0.083039774270560, -0.334450093006215, -0.877555535333656, 0.887251389801911, 0.467149804625659, -0.568263845049927, 20.856149860429070, -29.463905615780469, -3.479201053738883, -0.968940008220159, 21.892467761189707, 40.543492030000003, 0.201683870207546, -6.236392321359769
-0.074534923643736, 0.717230374614179, 0.246505745850378, -0.097983290536392, 0.201754744234602, -0.110412562703143, 54.979548234638031, -0.897643401219291, -0.488172213487879, -8.336534402268953, -0.648846968414430, 29.024203296422343, -0.251884245291144, -21.378439912842204, -3.200511675526496, 3.249628690073202, -3.289192049376268, -0.043826195453985, -1.724852344799267, -40.882519479999999, -0.258375883213947, 0.107003903633228, -21.608193469876809, -29.392931129328581, 0.170108508042873, 0.367225833453119, -6.097051418289539, 6.436822356126008, -0.184018465154551, -21.856006232640794
8.324560578143171, 0.008448674364637, -0.001106746785226, 6.076521971042504, 3.258614590270533, 0.055384927712705, -0.141021391225685, -0.003732709307222, 4.443147254531183, 0.075807507137938, -29.248870107526216, -0.071641826712899, 6.080799261125314, 40.048054598803617, 0.053084026317343, 0.005825270258015, -5.908958083808908, 0.000455462177410, 0.012398721225047, -0.678500044877822, 21.367248356127813, -0.001407022442265, -0.020270491960401, 0.031460019966730, -0.143862127683370, 0.682422674721039, -21.841869842200921, -2.371734439794764, 0.009508470007887, -0.004422282053007
-0.194755801254804, -3.253680361540983, 0.264543603207393, 54.828988837841237, -8.319643730198074, -4.433967881337317, -0.527102886046414, -2.357986176210972, -29.239456349131803, 0.037458836444969, 3.242668815854408, -6.336204471973971, 0.007521145875128, 0.002934938428798, -0.016092210571784, 0.197350138168410, 15.604540608015075, -0.002460306915900, -4.435332198402964, -0.008455155603585, -0.003457982126555, 2.360947335616899, 2.362324396180727, 0.356928977154695, 0.019764137021248, -0.040740731092782, -0.037568763755303, -15.614778615538917, -0.042392069133811, 0.050281858529541
-0.006600451406875, 0.103624544653474, -2.380521497144159, 0.000995270309053, -0.000205748524472, 0.191014415820561, -21.129997476710194, 15.607710161317389, 0.056520911617394, -0.494158840156807, -0.922836637399936, 40.049526224972119, -0.104694499051696, -8.329941662490668, -0.679136288340661, 0.001869292333538, 0.002004595222314, -0.000952826803964, -3.241306412260457, -11.675561388514623, -0.008780842804743, 11.400380650720777, -0.006695781578484, 0.100473542980676, -8.323349321891332, 0.002347108924440, -0.009081594381882, -1.727978432413330, 21.157043517331687, -8.321931510489360
-0.044242696818038, -4.442616857758875, -20.607133008266835, -1.734438567708230, -0.193671672417242, 15.608720974833108, -0.884152145059844, 0.131563888981447, -0.015050157230128, -0.026755933653277, -0.265380538731067, 0.271352880231859, -0.028085612055801, -0.045727930867645, 1.824452318913210, -0.139139624414675, 0.049527757537838, 0.051265555483294, -0.500379365890119, -2.370980236509737, -15.656394688222619, 11.412662326505981, -0.111350265912664, -0.016336513181113, 0.041106807194680, -1.749934433504308, 21.356469592743750, 21.412348319654448, -0.011862946650268, -0.269365401002734
0.000347910367289, 0.906577992116585, 15.605900627079308, -0.191264173206092, 8.325292911833884, 0.000111492747809, -4.441248025404043, 2.370055143944199, -15.091629583360707, 0.002293853673237, 0.000619842912466, -11.398805793120687, -4.441411933474889, -6.081176061426884, -0.000141023718776, -0.000674356809235, 0.923453551539788, 0.923066906970060, -0.000640049796758, -0.000023871376115, 21.365840307576899, 4.291885203325322, -0.000992093634085, 0.191994898600491, -8.325461681699753, 0.001212425735901, 0.674307229951040, -29.252230761330036, 6.080979333718858, 3.262375733757846
2.407242393719873, 15.013569755047847, -41.092106082302756, 15.887569498007734, 0.267984283575004, -4.432260646019726, -0.882120323883825, -0.203123506044527, 3.277029186637638, -1.745791935828464, -0.676020678606594, 0.940819274670815, 0.191151079702053, -2.408240048239346, 11.710550807829520, 15.692004316742466, 0.142409688626710, 1.727046006063393, -0.391678648390453, 14.922043390690192, -0.077396582488280, 3.217868881408961, 0.000685902144953, 55.187859249292323, -0.116021790680115, 4.423194109704255, -16.129808034646857, 2.439929445036718, -0.984761484125542, 0.129054759126792
-74.079565330000008, -0.006409883054101, 0.005538882883890, -0.926643388105891, 0.103835098638129, 0.000459802265279, 0.056703955802384, 0.206871373991639, 0.022232344272878, -15.606940381235262, -0.003197756741383, 0.029438208920496, 0.073577469563844, 0.020726113860487, -3.241316461826393, -55.736092399999997, 2.309215696730064, 0.001951402753246, 0.494133271638489, 0.041405794187249, 0.002601057737365, -0.000664570176475, 0.001933122903255, 1.732737098320833, 3.273571319455108, -0.072735910854021, -11.397929890599748, 40.543492030000003, -0.002596415314088, -0.260384694585754
-0.053593873707307, 6.080398904011737, -3.244229595081855, -0.000733508827112, -15.566726056794341, -21.365138491192681, -1.732476787150141, 0.073257193218609, 1.826407452334642, 0.262248437153531, -0.103414803644613, -0.001296638495447, 8.325689937633854, -0.000545874403702, 0.039928313757152, -29.239177092071920, -0.101240921827966, 0.144138637351684, 1.729629232665332, -40.882519479999999, -0.008254638007230, -0.104571078896655, -11.399878839029476, 0.001287433174262, -0.071100666486416, 0.258701491233424, 1.679578050726761, 40.543492030000003, -1.261916743899064, -1.733048083789342
-0.489745078530810, 11.483298768458706, -0.282087726253813, -0.095080947021472, -0.874551033212555, 0.025007275246431, 29.127680735416693, -15.558703529174849, 27.772256108277958, 0.103789271863064, -21.446366878899148, 6.208449771676506, -0.048666694290624, -40.075051869239608, -0.253197405333456, 8.257247777589214, 0.250132461875605, -15.669420433078940, -15.535018597006726, 0.513096615743684, -2.327576562139519, -0.126954579987000, -4.425231685153156, -0.212329336396142, -11.127386292195141, 1.739038974294942, -6.385948526237144, 40.543492030000003, 0.026671276395945, -21.393341331310722
21.340696570411062, 0.267019406906144, 0.081226273315885, 2.362123803097838, 40.029721665565134, 15.612631656599845, -3.220339211911018, 102.771711714023525, -4.446215231414588, -0.335377838809535, -11.394806011583718, 0.040992403152771, 0.101094932677217, -0.149833975730616, -54.816437888233480, 0.009313053227167, 0.191286016523954, -0.007359818517340, 0.267281176824078, -4.422872271960678, 0.050580986400057, 0.018851037569384, 0.184701386987099, -0.022029547926547, -0.699841595474268, -0.497938470968293, -0.010416358683372, -0.677657932345404, 0.005091476139000, 0.135207713458472
0.001279813006228, -0.010282560528815, -0.013738811346741, 0.928649253002368, -0.036100215746970, 0.926880377589274, 0.014984057029224, 4.290820546405527, -0.082974720018226, 0.030040192180977, 0.357983289447549, -54.535707680000002, -0.078488168622648, 0.041320160084243, 0.925201293931224, -0.142460122137798, -0.011463748494695, 0.359379981858307, -0.007401031632789, -40.119961664216092, 15.606627850233355, -0.383511209617524, -1.731204158690113, 0.039732992988725, 0.065197482396741, -0.000051574136734, 4.456412568168560, 0.020916761651044, 0.073241734705775, -0.923686451603684
-0.264934678095919, 1.272993974578370, 0.020216552191066, 0.014342681040173, 0.012862544630341, -54.835580352025033, -1.741040156013014, 0.355414961535828, 0.005312621169310, 0.930401916048460, -0.054169800949470, -0.029927246152141, 0.006803265045107, 0.054342367947040, -0.354635692212696, -55.736092399999997, -6.046090031118080, -0.487258221212631, -8.311832546323856, 0.005713866752885, -0.015775916106179, 0.674493655751554, -0.142855381245269, -1.717390286731636, -0.058998447580457, 0.042261562208083, 0.254195021210720, -0.482000715420675, 3.228624684802767, -0.097030327655018
0.364302182857035, -0.923382579666256, -0.006261831250690, 0.002302300292110, -29.252421535942343, -0.493298616503051, 0.000942710446417, -1.730876714815167, -0.102683146594416, 15.605920379236963, 0.000655446201089, 0.000738195650690, -0.000543839712527, 0.001627287699257, -0.000707361835417, -0.492265256302950, 29.253164791480096, 1.264045399745878, 0.000999470938325, -15.878560111721626, 3.349572619165510, -21.366142911753698, 15.864579238031864, -0.074641772298044, -0.000495291207024, 6.036222096920341, 1.704227823810541, 4.441850415924790, -0.000020153220746, 4.441918324071342
-11.623561383705592, 8.329729905458130, -1.674901824801225, 0.506632844580286, 29.246438676690730, -54.831625478677687, 0.498213302143775, -0.268326466843732, -0.030161493012965, 0.057233452863144, -1.321281913219169, 21.372146566528691, -2.328746992518653, 0.100483209720046, 0.367419381156580, 0.255672895928548, 0.075115406157941, -54.826963992024169, -11.408244596067732, 0.263885392701638, 15.950853224729453, 15.594753142639448, 0.021648607138241, -0.487564304407428, 21.370026183468639, 0.017005391888532, -0.100877153598475, -1.269147935480781, -0.022309366217215, -0.070514058424660
-15.535850017361689, 0.485796623810966, -1.209140741457709, -21.243165574286493, -1.792970035524320, 15.806707956891181, 54.352066049790054, -29.649856185284861, 5.846951012065457, -11.979647746431162, 3.236277415688267, -3.268303044717769, 0.200005055041057, 0.248407091259107, -1.363346796460803, -1.790632450419501, -0.192122128403092, -0.842388259238472, -0.111335431077997, 1.749469227587952, 1.185605905295802, -0.018714630696628, -0.042159576761701, 6.333652751555189, -3.267305715665437, 8.292629980649096, 1.331583093072268, -1.167403218470447, -0.266182942534684, -15.567268785330588
29.280597433046584, 11.360710403538551, -0.133958835616390, 0.353517630433240, -54.823814879121542, -0.148052567635499, -0.021344706369810, 1.344833519380380, -15.541945172035454, -0.103051793891197, -0.253015433281522, 0.138672494213473, -0.271745759737541, -0.101216517311908, 0.488974308595942, -55.736092399999997, -0.022722123873059, 0.657922312631189, 0.011289499427974, -40.882519479999999, 0.685883264741086, -0.350250625102440, 0.029116974313396, 0.010195642242898, -1.256186385010551, 0.485178896977928, -3.285652348287208, 0.357421166431003, 0.093681688533451, -0.669178719943645
8.077741754364638, 0.268259095782486, -0.006344855877956, -21.362863369828418, -0.006562430006760, 0.664546819462398, 103.380500061599548, 8.322181410585351, 0.030022743371852, -0.020757314027101, 1.731542987316145, 0.039393236303198, 0.003187996009906, 0.001186926078898, -0.028765124331962, -54.833149770150563, -0.104618325817263, 0.052272024822216, 0.195939541633798, 6.089459509672466, -0.021441158361387, 0.058785214364278, -0.494275348003780, -3.238377533454205, -0.002641714551203, 0.102446257732751, -0.072263846745798, -0.271608783173974, 15.618876148743567, 0.098955622160190
-0.021732124220527, 4.384107527925682, 0.001801180391944, -0.098397436290663, 0.021138021458952, 3.171091965441978, 0.038596252232686, -0.191878307775902, -0.000173020970518, 0.011352514605363, 0.265223212297437, -0.194015674005172, -0.000621866618150, -0.142254462679340, -4.444460322935207, -40.049537011372699, -0.030685822164557, -29.497319425064237, -29.246218655396781, 0.001085429242941, 4.442615423712674, -0.030163229107757, 1.230679327621116, -0.101791961071058, -15.923331049043959, 0.011036222600396, 0.011172907793835, 0.106326983502740, -0.511665540926927, -54.829283244797956
-74.079550953981794, -4.579610881388266, -56.052182620000004, -0.481891624415480, 0.052038160364795, -4.423227891307533, 0.368277490409334, 0.660649139343597, -40.249628296731956, 0.925236920404487, 54.884974053371884, 8.307237203735752, -0.022987116203570, -0.030269489847296, -54.842805478755452, -0.478168331941148, -0.025878634360847, 15.823754554292631, -0.066728126058301, 1.733531717771257, -0.002325966664955, -0.669518392162260, 0.025998768312279, 21.366991050960671, 0.044269378803627, 0.189220436108059, 0.191656757813959, -0.018012107230795, 0.349447534905948, -0.037200741539152
-0.006035395876541, -0.011277833629439, 0.194140572378991, -1.729706518944111, 21.418470776403922, 0.053293949037812, 2.369514169373325, -0.103678617866471, -21.498831113781026, -40.048958326621232, 0.004696977077401, 0.004170534141657, -0.011677576044733, 0.000145324765068, 4.418489788382956, -0.262697721821681, 0.073819273149009, 0.056150599478517, -8.296200892410042, 0.672828094613138, -0.011132775353001, -28.918920187684165, 0.056362419262891, 0.021029566699653, 0.102968351513077, 0.970647581076676, -40.049466367344394, -11.251406117352182, 0.004101280316533, 0.021547887630877
1.240682396012769, 2.531961669078743, -54.865680332506109, -0.033409511426582, 0.248723670068202, 0.037544049130339, 0.640974184831414, 0.178494665268289, 15.599827960413290, -0.145181779814607, 0.478986384072742, 15.588982176709784, -0.027137475130520, 29.002173556728554, -6.097798360028747, -0.005214751411607, -0.105709053297936, -4.528915305449200, 0.970455644133359, 21.392827394237692, -0.483319255613118, 15.626372066444176, 0.106797622962645, -0.035374436259126, 0.072534275770984, 0.015600473131343, -2.358822672855119, -0.030578989739588, -0.345075247138382, -0.497424631180815
4.440251831275429, 0.008255822415929, -0.920230195831031, -4.443136331892505, 0.255871766340533, -21.368933841028472, 0.074554028405025, 0.011537932148762, 0.006268606979043, -29.252228183241684, -0.041142701507301, -8.468356901732193, 0.075977347987649, -0.020248265269622, -0.053583410719867, -0.008577727428381, -8.497799670167698, 15.603139178564742, 0.140022272382815, -0.265605899442328, -0.141125466277142, 15.918614690066136, 0.011221481238394, -0.002417033241024, -1.734502229122910, -0.923006622695468, -40.041315581918738, 0.028503569111528, 0.004597253903299, -0.011695894188922
-0.003006964786650, -0.675562465493680, 0.039162264612195, 0.137402660472512, -0.022961386507056, -0.010729837189579, 0.038778706437178, -0.056494810730563, -0.012332852709998, -0.260083737921136, 3.255122691933391, -4.453830713873636, 0.146637932676246, 1.766406778927024, -0.010980346372385, 0.100982843126339, 4.430984266369130, 0.364017824820731, 0.016376640491458, -40.882519479999999, 0.002237905389155, -0.015176912920424, 3.237228361349539, -0.003463679844636, -2.363831466147047, 6.085915207909792, -15.608627869395171, -0.007646653159050, -4.427226496528945, -0.003287248502588
-0.192053100327239, 0.006269914225754, -0.001842601963780, -0.674785182330561, 11.398315277367843, -4.441759069920817, 15.605334560132697, 3.242886251587350, 0.008537777606826, -0.000851251237449, 0.003069217097702, 0.360748602676061, 21.141220535448092, -0.011383433592297, -0.008364164213397, 11.397878746883805, 0.192998547978537, 0.191524241819902, 2.261852378680629, -0.002276985915316, 0.000286560863483, 0.045201729222839, -21.365875966937264, 0.000984537133228, 0.674628231658467, -40.049959554948167, -0.001688211565209, 40.543492030000003, -0.001162414640561, -0.020680609116788
0.132363071896503, -40.087896125235460, 0.091416686309564, -6.076012894000170, 0.051545944705630, 54.866208620793522, -21.402403196730837, -0.079306329721156, 0.097084909516795, 40.035941682952981, 15.533488841648600, -8.297779901922524, -0.337041697473932, -0.690659753812877, -1.756058392517687, 0.020627837474699, -0.097709086054621, -0.926728960218966, -15.538050740662616, -0.197340934689471, 0.050954685060887, -0.269965253172451, 21.072132648597957, 0.097257853806042, -0.671962946287543, 0.026179740718916, -0.349185093206117, -8.323782666251070, 40.055884253454657, -0.192579511024643
