-118.0739501719191
-117.67578386588012
-118.07535454314916
-117.79154201298792
-118.07355647913698
-118.0709111454412
-118.0548721400032
-116.39247734449913
-118.07533945382559
-118.07528419342786
-118.0690910960314
-118.0591932141543
-117.89891305177689
-118.07515159380762
-117.5758774988383
-118.04766719444243
-118.05250159706033
-118.05970811028813
-117.88138688783154
-118.07503068087937
-115.61322048567395
-107.04199330299593
-115.65135901571847
-116.09177502862059
-116.24854790231635
-114.91498861139829
-117.00891506319486
-116.99264469664953
-117.34533397738006
-117.63500966615169
-117.25105503832243
