-1002.1139008484857
-1002.4333556337
-1002.4788589420168
-1002.4711699340486
-1002.4460415306067
-1002.4662809619698
-1002.3101712991137
-1002.2481388289373
-1002.4216913242102
-1002.4320028682795
-1002.4617857480549
-1002.4789072907465
-1002.2717540240616
-997.7768619036246
-1002.4296508880561
-1002.3750800972999
-1002.4676868502961
-1002.1008871146673
-1002.4785849200888
-1002.4110215742967
-1002.4783844100999
-1002.4775691275734
-1002.4512169772364
-992.9419476237297
-1001.7360598362362
-1002.4784998347285
-1001.8817479045226
-1002.0415637880388
-1002.4457734887299
-999.6135234274899
-1002.4203097848624
