-187.136986839710715
40.315614782873666
-185.754676257823604
-160.913507977306381
-191.663948371356213
-107.283002885722723
-101.545700658680403
-176.840004437279987
55.676181019584476
101.627647099222997
34.039461085480923
81.122049388425012
-12.495291348694792
213.133261626270269
254.660936075556947
124.704349605529956
94.799091825459016
233.457281862996183
-160.866785682594156
-134.325640048067186
36.912536242491342
-9.750111870946711
-121.263566956441991
108.684521950771796
-80.788733898816744
-97.227045159524039
-77.037464760989920
-172.047781083144116
-154.395389774592644
-164.897921106979510
-116.765554409843133
