-4999.999999990705874
-4999.999999990352990
-4999.999999793874849
-4624.573683843910658
-4999.999999991770892
-4999.999999930082595
-4999.999999885107172
-4999.999999988468517
-4999.999999990522156
-4999.999999738586666
-4999.999999938248038
-4999.999999992453922
-4999.999999983640919
-4999.999997079581590
-4999.999999991463483
-4999.999999959339220
-4999.999999993691745
-4999.999999991677214
-4999.999999974922503
-4999.999999990711331
-4999.999999990267497
-4999.999952738174215
-4999.999999990705874
-4999.999999992453922
-4999.999999959339220
-4999.999999993691745
-4999.999999991677214
-4999.999999974922503
-4999.999999990711331
-4999.999999990267497
-4999.999952738174215
