-1081.983799392229912
-1081.983799392229912
-1081.983799392229912
-1081.983799392229912
-1081.983799392229912
-1081.983799392229912
-1081.983799392229912
-1081.983799392229912
-1081.983799392229912
-1081.983799392229912
-1081.983799392229912
-1081.983799392229912
-1081.983799392229912
-1081.983799392229912
-1081.983799392229912
-1081.983799392229912
-1081.983799392229912
-1081.983799392229912
-1081.983799392229912
-1081.983799392229912
-1081.983799392229912
-1081.983799392229912
-1081.983799392229912
-1081.983799392229912
-1081.983799392229912
-1081.983799392229912
-1081.983799392229912
-1081.983799392229912
-1081.983799392229912
-1081.983799392229912
-1081.983799392229912
