-44.999999997948471
-44.999999987724237
-44.999999982212408
-44.999999997574150
-44.999999998550500
-44.999999997643194
-44.999999993977092
-44.999999995658087
-44.999999997971941
-44.999999990137027
-44.999999998913943
-44.999999995962803
-44.999999993086192
-44.999999996490700
-44.999999990714414
-44.999999978181854
-44.999999997501547
-44.999999990494679
-44.999999998640945
-44.999999996915726
-44.999999994966274
-44.999999994183256
-44.999999995349256
-44.999999996752493
-44.999999988097080
-44.999999987603168
-44.999999996802963
-44.999999997758664
-44.999999997711313
-44.999999998313825
-44.999999995567684
