7.234884345652375
7.340289372335377
7.220347949533391
7.322092221501293
7.770389142668648
7.5428655016998505
7.507076997820519
7.206738764853952
7.366030189474458
7.005484548407566
7.222692772005986
7.343538610062815
7.28337785437693
7.291328712616183
7.795283783369659
7.613290445997027
7.528205891840852
7.209092207016685
7.385660128050334
7.006612888073475
7.32228418672964
7.276467844542502
7.251300726012194
7.332770740116278
7.344807859663579
7.370140824863522
7.3645626240807065
7.306271644629369
7.393681826144098
7.3425047595627095
7.315350884705448

