-4451.543524955472
-4399.899983314576
-4399.899897053753
-4456.089757838855
-4999.991895004827
-4453.924733790055
-4461.010188403474
-4999.997099224478
-4467.619654845899
-4399.899932688717
-4399.899987485584
-4470.3890526479845
-3889.484694948211
-4764.971948484436
-3937.9051975545963
-4009.98689624413
-3886.76630867101
-4755.267366970418
-4894.924745429371
-4068.199912336351
-4162.577398952628
-4130.137802025564
-4702.546842301614
-4014.6723952770553
-4140.659325188121
-4027.7782901486744
-4141.749711632694
-4055.398776255913
-4189.558554684393
-3946.8050419850088
-3881.676536657221
