0.36517785285536775
0.04572306764112
0.0002197593242954099
0.00790876729251977
0.03303717073436019
0.012797739371308126
0.1689074022274326
0.2309398724038374
0.057387377130908135
0.047075833061626327
0.017292953286187185
0.0001714105945893607
0.20732467727953008
4.70221679771646
0.04942781328497858
0.10399860404118044
0.011391851045004842
0.37819158667377906
0.000493781252316694
0.06805712704442612
0.0006942912411886937
0.0015095737677484067
0.027861724104695895
9.537131077611434
0.7430188651048866
0.0005788666126136377
0.5973307968184827
0.437514913302266
0.03330521261125341
2.8655552738512142
0.058768916478697975
