-57.41380746934357,-100.0,-14.71371279873927,77.36975248404339,35.94814260645479,-7.461690764731365,0.02797531217147764,-35.01566420936834,51.99741642763337,100.0,-25.799225304608377,64.8478485021388,-49.28189614898369,24.039547450302933,-9.583319977977906,-8.468898447227438,50.957278137257084,-7.669921443603186,23.95951782186983,26.920051318207793,19.505767706613895,-70.35443313826165,-26.563106608063052,94.24926408263266,100.0,41.71650681650481,4.62014524712599,-64.29879196210636,-15.357308531601802,-4.104474846070541
-22.824959609904173,7.207654125335932,-73.71767702966093,16.415771539553113,-2.2543260756929016,31.519865868734144,72.5588663053503,33.392739125417975,96.18739954555994,-40.17950286067837,-0.7580539052244273,2.6840004286637367,18.33550955393781,7.109815409111974,92.63532468237348,36.609731907155634,47.19026536678598,55.45629088749883,-69.26397752749716,-7.6804002513586695,-36.744888871002104,73.50780496338061,2.9602531687750684,85.70676730999944,-0.09713940608075688,-75.67857390908482,-7.034877043961892,8.393132869380253,100.0,56.672071945426396
25.999802483219643,-50.59123426781274,4.549575220372567,-51.081877679934266,-5.244717923563549,-9.979764643875445,-2.1260539208891522,-47.66097348241245,86.90222857873937,-7.128452149032128,-46.12855035350111,100.0,-47.0970486998838,-95.87920175422634,52.52771861606895,-7.662640356615675,-26.66878419165962,-13.413094956398455,19.434480928541497,28.476984891182727,44.81920127368544,14.907656968775331,-77.50553756369985,55.032798114840354,3.560973289479186,-52.942793873902986,-7.952700016027443,-59.77115107922553,-30.360979811583533,82.32057289676042
-82.89117379179781,-34.607800056220114,-46.53867675538333,47.75748316551208,-37.93578002640795,49.04080145359696,62.028640192541175,-77.99192114303166,4.636665669182271,-27.293793826246088,-36.392102151468585,71.83009763499561,-99.53667803687544,69.06569078888695,86.85463002630873,-51.420826294158225,-9.016387280973959,68.15050514816046,-22.731496675544996,-57.42638351504873,100.0,71.85329180273268,13.924825065093872,-27.77180760469227,65.23324013080085,45.03543642596217,-60.13133197363895,4.77152536259278,36.94441623183013,-39.89744081171565
-58.48874138348286,-66.28908333555395,24.713453180298533,71.57744307965791,100.0,22.318681793227878,88.82066195112512,-81.8898625097158,-39.7360027894298,-87.48299622389911,-41.84169624253156,100.0,-48.70862803225674,-34.51159319736641,-73.50898131870431,-94.18839603407832,-61.832151826266966,-50.69512916424752,-100.0,-97.53085773826291,-19.114291618822644,28.93012882932566,3.9706723783943545,-60.908178106029524,37.48749271704573,2.7575271481909276,-59.85320031633042,52.6339536584223,55.40448671711435,31.58364711148684
-10.687706789686855,-12.56650750762304,-77.48387812835468,-7.4476094431051365,-79.64989924219195,-100.0,58.07861891745213,0.8979932189699866,-60.068344786473276,100.0,-23.06784916835388,81.79533693727282,-99.22577597781925,-44.05667614649654,-57.19167245596932,-10.86543570474862,-31.202288227356693,36.830293637809106,-9.428341057040914,88.33488611952156,35.871704703378015,-36.421518059516586,100.0,5.4077786394116885,56.423235292909396,100.0,-47.25112764510607,-68.04554335515935,-98.14683220298488,84.69710262701713
-37.789727866324256,-39.78759059922174,8.394303418878033,25.347156182534924,21.281841158504115,65.89973828470875,81.20823643618543,-32.80142777786056,82.53271609067967,55.550144617038974,-15.15192285401113,87.5230193353504,-94.36875640096451,19.2868820288789,74.09213219987844,-7.380564538076793,45.972340181229704,9.358555702115986,-37.76622606253094,-100.0,17.789372043622098,57.62376919825597,15.165011396622809,40.368698892998715,51.78065135044805,-19.528671936238005,-87.80565647603042,53.538389034365295,47.41290556138406,63.145835162038686
-9.189975862994448,-100.0,-97.1016266026597,50.33329498754072,42.23316249588929,100.0,43.72967741552901,-59.71243695043525,74.66875540299233,22.445307923931455,-100.0,91.49793106378903,-47.761750760978245,-64.80259105585765,54.47147717388124,4.215736108181758,83.06499907400791,76.66930349580218,-34.77619264435802,-10.1590466370114,21.880501634341904,30.694924120504595,100.0,79.13791140025343,77.63548456761838,75.71081912521245,-80.00401139617858,-27.26833422432179,17.279075827928267,84.34989895585349
6.397567961985185,64.19165468090465,-22.84623200712325,28.449381766827635,79.73308957911266,29.207853635248263,73.99869650085991,-46.56221759699766,85.91236094522907,47.946244922732426,20.99545706356318,-20.99615162371016,-21.195538761463695,-100.0,80.0161277314022,-19.0559330165943,-10.192443598347023,-1.901206069271268,9.184422678036269,41.78441024008619,31.472321459582787,55.02287257913082,-48.81419329598276,36.71392793396751,72.11283457780385,45.57628564768089,-82.87147160652373,-22.285814379878016,42.70532698721129,28.74485642912788
-94.25817330983806,49.25874605255296,-100.0,17.856283170952807,46.042162094543826,50.16897807083983,86.63912450642046,0.11512629924143525,-23.78090140117627,-100.0,-40.704730488538985,13.875637470446309,16.922011240420215,-100.0,55.224273940031466,35.73480707362048,-4.415350286846191,74.79112515051374,33.052305705542764,41.84371129399757,43.37821893380823,-100.0,26.527665677362485,-8.438722298905223,18.158382856547107,3.3880859694490155,9.583916095360149,-27.418300676897793,-27.228455629588723,57.14133032592356
-14.038750544834071,-43.180276429460605,-21.170508574145906,23.564705108178707,-79.06897798445165,-10.382843891475508,-14.463595154580556,-61.05544361520269,100.0,-14.92690975183481,-3.4438863276494693,35.67049321226935,-100.0,-26.791452410349414,100.0,-66.59214682318655,6.9568681703538005,-34.26982444531256,-53.23072525165262,11.735019903631716,100.0,10.826151957221498,36.65182212419865,63.46439788229268,-33.933579824787444,-40.458202634420864,-1.1219517356789837,-36.94887498721843,26.24797785448923,-7.61891165839031
29.27472025410639,-62.652907156163316,-79.65151742375886,-23.89825456162798,66.53553481420005,88.1078125455724,-36.52931444126136,100.0,-36.64179548345705,-28.341775863155846,-46.007966319022245,10.679911645209195,-13.891352709186513,-26.00763173678085,43.30936103660972,100.0,51.60250708428212,30.938262046752023,-43.71550614263718,63.70456180927876,60.569385946777686,-2.143658985250525,100.0,8.04990243981328,100.0,100.0,94.55292527361625,60.236275642918166,-61.790819567894964,35.53290180682505
-80.90691314789112,-89.19850735145324,34.95049568782734,39.0916777156086,30.38672338039945,52.21547930366611,67.96391639876612,-100.0,-4.420917791153247,-87.70953526797427,0.7292271127588279,100.0,45.11978819824048,-68.92495147657169,-66.04853228928567,-28.1072759818158,-50.006165202154854,-61.89532970251981,-40.31961538974476,-69.86772005968363,83.27716784758871,-83.48684268378796,-6.7902270893442385,-29.672378539988806,64.86624059886648,37.02508684374673,-14.022182832276615,-28.906104842672043,15.97422698071148,-15.051683249227583
59.61526816810586,100.0,81.0095765335929,94.46955334564068,100.0,66.4400483911793,100.0,-89.59172443453043,96.51749143134498,0.777874547269704,-40.97666523200287,19.813832349677796,-56.25469178747755,-32.81628798428552,46.29469920202352,-100.0,8.865751021800737,10.734996340197034,-17.12332470529995,13.384625714704697,-26.683022275681473,8.183976593637404,-77.63373433876014,100.0,-44.96964008687803,-100.0,20.23512264578183,75.87637717832126,47.76118852192332,-24.00452598538856
-22.751538242061105,-100.0,-47.37018570105596,-3.7693693825077688,8.871323984281853,36.0719136682599,65.86258315438141,-100.0,100.0,19.59282710345572,-100.0,100.0,-75.66024558893714,-100.0,26.594843723920413,-73.42183659645539,-10.04276538304337,-17.81539944843866,-44.829262286511344,-86.15809771087716,23.383772868891285,-100.0,-59.512400140737874,35.47437051592226,100.0,62.224206405297856,-100.0,-100.0,-100.0,52.106782264413894
48.25609571210511,-59.74904195349443,67.21797746187042,-68.58563954163802,33.552975170757676,54.94031299398265,6.097395733107161,-100.0,87.628900074925,-100.0,-72.54288350569215,49.38429496596055,-72.28290595678264,-100.0,11.447967172922446,8.517964574383353,-9.680559041896572,-3.4994532753850116,35.7644306030575,-60.144627849205946,79.24041105378659,25.050472630434513,-30.135122348730164,77.16448689539222,69.09147811286896,37.057837006007986,-100.0,-69.41471309285306,-100.0,-33.307909753481354
