-76.1956097369363,20.06901909065671,97.76647756114085,-8.102430307848003,-31.99900469699206,-63.22567542450883,-64.25858783820277,-47.43494376470338,14.86129350035867,-43.02949350573994,-49.53396228688308,83.70107499223168,15.7404772638725,-22.279293842485416,14.110667965234342,34.37504041901052,45.21021918302578,61.31952189396535,-73.44166221051098,-57.34736085550136,100.0,100.0,-23.899461153500088,-100.0,-100.0,-96.44001018293812,-5.5551955819708425,63.715722898099365,30.192832684638677,75.24082860643998
-0.14370666673697485,18.591888629721296,-7.938825215845739,-85.27672752131201,9.421682669951792,100.0,-39.584665381481614,-100.0,78.02580518839314,-20.714368168304528,17.75616948071493,75.14764540933734,-1.5239074124389465,93.69330008606192,-100.0,-10.537176851144899,-46.76252063358421,-88.70305651765382,100.0,52.4585795791231,-3.4850017156933824,58.810931093937405,33.099826664852266,24.009799012166237,57.677450660520975,-100.0,74.51603192389723,-100.0,6.69630229211994,-19.19057013894701
63.58684986284367,20.967468441276893,92.84512273200745,-96.195090376844,26.103535294905633,-59.27535044504255,42.326820390988715,-86.97723123403873,-37.48921112654339,-2.0687753497499153,56.87128272396181,71.80957314316659,-60.25837044136684,50.887074918815586,-65.22904300799075,-2.7304745753913533,-91.68314205283386,-48.270638973142525,-2.1477334458914292,61.27994623812642,100.0,76.33282120115247,0.48584585941103153,-45.85947626202386,33.607963272887694,-55.65388868867346,-6.065226318042825,95.17608859009977,82.89432337355319,-23.90352873605603
62.96870046723379,23.007905712579845,98.33209686402319,-30.617273041817192,47.00991062385501,-100.0,-45.11920604256959,-100.0,75.97230020296925,29.221816262140706,-71.37648457427206,100.0,20.035677326270076,42.56358236305495,-12.817185277738627,35.1181511987527,-85.77266474039288,-25.634266158769947,85.78979329398875,83.3309524052105,-58.352668254894006,-82.97433904460746,72.29879337573777,29.164601032803766,-1.649848413363884,-22.460841602929,-82.94920711269727,100.0,8.794004644361394,-48.217474036653385
-100.0,100.0,100.0,-100.0,-94.92418207115489,-58.28206561996595,-95.02808905588893,-63.08429124770347,55.529647962244546,-97.12060823151805,-100.0,100.0,-100.0,100.0,-100.0,100.0,-4.668805258408909,-100.0,64.27327185535671,100.0,-100.0,-100.0,61.65712954289873,74.99765350574194,100.0,50.96723827314878,100.0,100.0,49.03747681300409,-92.6425160402934
-100.0,19.69923153768164,55.37316391288837,-57.15899765774495,-22.172658033671006,-38.86388216070442,-39.15914354427026,-66.6128604660704,7.622903252232694,-49.40819381991581,6.057597022403463,62.58514321541239,47.27081347673881,32.17551148813571,-61.87517798948652,-14.721120347045435,14.695995483802385,-43.93943694119743,-61.70314689329168,61.516816556656494,57.87001734445868,52.92539834718272,61.41910998228569,-56.951020315057946,-47.080822549881006,2.5370847635398217,-18.08759563757134,-39.00869266666683,-23.14988703680381,-60.27214069911394
-12.703656661655828,-16.804361417730703,-22.822972432180563,-81.83863894852085,34.701034130500325,88.1781076746417,-100.0,-50.06182363311435,39.80238112069105,53.88652000406063,-15.563729691589394,100.0,-94.9200625441296,42.52471213363939,24.491138478344105,-87.4946633731476,-17.32017117955158,-29.21720312665063,-50.432057820371085,-12.965238651215245,54.29900012021641,-7.866002150701469,17.606263600694163,-53.96496704490634,100.0,-50.48701187737568,40.467977857275955,24.585335237273192,92.0417452941733,70.79918411216937
47.131637315087374,-22.872620343646084,-44.79602597321872,-80.53434474345732,-65.75051064902411,-12.102087954761203,-75.3434519124188,-87.1370900054977,18.947554222674256,-78.20280665344485,38.8625651910329,-51.176297381410514,-100.0,5.026511376318744,-35.14143058670177,77.47827482984619,-100.0,65.88731059759871,96.46415449819335,100.0,97.0837878437172,45.51592987516404,100.0,-56.77660436238949,100.0,63.48649699999025,-79.60181573066912,100.0,-53.493345303648724,-100.0
52.097145538629626,54.45843013797875,26.16918871790778,-39.75776852915533,15.658065252239837,-35.44084359335635,17.462465397511757,-57.978936259890965,77.49676993423495,-10.915660945561854,17.12826831241975,67.50321421658637,100.0,47.28688579844623,-16.86553265910225,-77.63540726851758,3.2771355367254387,-67.35917351984094,-9.950528515990724,-14.31841493467742,2.1850376010932058,4.980304227142241,-44.419713688829965,-100.0,-85.50498357026989,100.0,-12.068652939838568,51.7034742010146,-19.97603688241807,-100.0
-13.394165090289212,69.93093441583196,93.91386349150227,-75.80255553747635,33.822780700789025,-79.5749143078251,-100.0,-79.04196618725534,49.89788184852433,-33.818332912368916,-60.63041532108459,7.156495928002286,10.826618924338083,7.361737642396442,-15.761737327050017,-49.63698868601656,22.88625618950818,-82.93634427317272,-75.65024885486125,36.95920412197348,24.569577085819617,56.94966683562253,-0.4095568111569783,-69.81259291547168,-52.140621466628716,-89.34621394074699,30.530107125399134,-60.21748847778994,-1.7195714693169384,-100.0
