548.4564750481068
600.1000166854164
600.1001029463478
543.9102421437692
0.008104999100396526
546.0752662196783
538.9898115870055
0.0029007760576860164
532.380345153133
600.1000673113713
600.1000125144265
529.6109473523247
600.1000467930244
600.1001142354762
018934
-4482.179543920164
-4433.911278305671
-4417.665892387340
-4498.754901201104
-4471.334579992561
-4428.506723810338
-4442.187490002219
-4489.120346771028
-4463.000381985607
-4438.659871092733
-4411.983452001581
-4476.281031195783
-4487.199841999323
-4445.629179420376
-4424.395028614522
-4452.341927639024
-4469.902116738112
