-13.647332565928833,-65.11633622480929,-13.004370198615478,27.405743440102764,52.59149380186705,56.68946982134705,-62.89149762194669,-29.536229479681992,80.337529553428,-4.958780455279669,-82.57728425264023,-70.77599002179,-62.77273095230045,8.995270491359527,63.215366041525606,-57.573541338391784,53.16157584893335,67.04679417255072,-64.3789960772202,-41.11585261465505,-33.584967617065345,22.878474100921053,-45.363351459622805,42.11382756701209,-79.49903237883777,4.147051124351379,13.947365773808116,-39.63195631851,11.31317878074591,-58.08093076863339
35.25195903615078,-50.198376269962935,29.63563168335174,-13.231282343716426,74.92170377648748,-66.39228082214565,-12.623515716191932,29.84002842756725,39.70602306894781,65.37492686593909,28.614425598561677,11.857582197254423,-13.750995694483725,26.207399877062237,-58.002870725143126,68.40187822771456,19.788715607597204,-11.505314750567564,71.91826859765919,64.54071167790192,4.329217616423262,-77.46850494629744,-58.0586121616789,40.62003303962606,-75.80649551566314,8.451570600583024,75.13547381336343,49.13647222843574,-58.16759247214997,-43.884995336813304
35.25206277117788,-50.198364265794055,29.635704094716566,-13.231514035572676,74.92190742029427,-66.39361986084494,-12.623043122558233,29.841391057650828,39.70686398109568,65.37416465824975,28.61425601959386,11.857431023890499,-13.748361516752327,26.209189936064387,-58.00413352560487,68.40129890332909,19.78910795258828,-11.507666501885165,71.91731066505673,64.53940156104586,4.330880123023432,-77.46578026195955,-58.05575182046094,40.618143259448296,-75.80664523164886,8.449342147021342,75.13443065383564,49.13984811113035,-58.16690453325939,-43.88534955587755
-12.948710323064764,-65.32262843021465,-12.861379844544121,27.158544493011554,44.21997537504671,68.76209506112026,-65.45998873242782,-29.49391530037991,76.36728869750209,-11.289295175613912,-71.95472665513691,-72.05692984741226,-64.3675489140268,2.9039624288955035,65.70413552209905,-50.03116021106557,68.43549843543599,60.12015699537712,-59.25073696397643,-42.91290582154474,-22.63567844045946,17.004334665140966,-58.58260636116044,39.798504802561936,-74.48693725523643,8.018423142571,13.52025020476171,-45.43138720538685,6.985856575790975,-66.91748818696419
-79.96769729184551,-24.71815269270669,-47.28710105833218,9.382738293969243,-29.846859739508627,-73.75080284267884,73.26115145196901,53.54557643466257,-35.13006656320301,-33.02157288425822,-46.1431025299732,-56.52019771195094,31.103264481741952,2.382145254767665,-57.71525971769384,-24.355043303871195,40.154356350513694,74.36655581797764,-8.014149298512171,11.785021709702201,61.754888386585854,68.71173251253991,69.21280478346621,67.68293774202654,-75.47006319695114,54.72831899379226,9.76314449525919,-17.943181745325425,-70.40893294276303,34.07786913904732
-13.62600832413234,-65.12087988122552,-13.000149238486397,27.397110084160886,52.296909358168115,57.10750069360689,-62.98879312899713,-29.54239809899831,80.20774046863063,-5.183527996782376,-82.21588485479859,-70.83862225140913,-62.82063819064648,8.780700272659207,63.308069449155845,-57.30781076446836,53.72144975611616,66.81584964589844,-64.2116951173085,-41.17807184244258,-33.205119172472344,22.673060768993853,-45.787117645510165,42.03028678154017,-79.30753653481557,4.295272173647239,13.941392826632672,-39.84055593371344,11.126511824653125,-58.36540842638694
-13.537400620866357,-65.14933825877866,-12.982550362679033,27.368859031729,51.27893273045724,58.58509401641997,-63.294450924409226,-29.54045551045077,79.71591561737381,-5.941283332037115,-80.9093013222033,-70.97425006858441,-63.02374855147939,8.039902578804867,63.60325276831701,-56.38637286888598,55.58439987470244,65.96574585654416,-63.572433638363144,-41.40031699238496,-31.863724112466993,21.956436012906806,-47.42971373938961,41.75208679784636,-78.71620122248545,4.7506093001811855,13.88485036666908,-40.53454477221853,10.631209757875828,-59.459786489374956
-79.98302582356261,-24.71088534041488,-47.28761146577466,9.392246497985727,-29.849879382930396,-73.75031199588479,73.26187365346063,53.538108480189535,-35.131322488652046,-33.02122966277945,-46.14036684552442,-56.51919049500875,31.103668452013995,2.3818840889087047,-57.71578729125716,-24.352050886021075,40.15251113840787,74.37144250115142,-8.012578298459276,11.78742899347944,61.75203883111404,68.70786975378533,69.21303837672235,67.68358536628158,-75.47178837508056,54.727413124772205,9.762484723774534,-17.943215651906186,-70.40934758639175,34.07444821471516
-13.134581827776685,-65.26640005671103,-12.899354587772889,27.223472906005934,46.40192380112463,65.61347451807636,-64.78558383911715,-29.506888680040934,77.40888260125939,-9.637764423587265,-74.72810784596804,-71.72468240670132,-63.95559422008696,4.493972638439765,65.05458894645476,-52.00053627290561,64.44939449502097,61.918656597308164,-60.590304123866524,-42.44397152040357,-25.476572954055314,18.528166323001063,-55.135911298844476,40.385374569160994,-75.78826945620645,7.01107712729991,13.636453978518144,-43.90439773289157,8.103893791346636,-64.623836424624
35.25199437399539,-50.198376771758795,29.63628752857198,-13.23148927511099,74.92177222195646,-66.39251237161075,-12.623585552691715,29.840668793941056,39.706167120032475,65.37415990211461,28.614697173010654,11.85665363986299,-13.749698255452113,26.20861389417857,-58.002750462029084,68.40194283644824,19.78990408496183,-11.506575918077537,71.91721904363138,64.54011017897278,4.3299812358888845,-77.46662881566574,-58.05748483501494,40.61852636692925,-75.80672112135939,8.450235506536266,75.13477462372992,49.13815337874469,-58.1676712190354,-43.88441454602407
35.25189866475448,-50.19836556983369,29.634581164905015,-13.231166913135535,74.92193147892687,-66.39349514987828,-12.6222413546479,29.840215900663523,39.7068885272804,65.37571471745596,28.613147403084135,11.860005681865436,-13.751168013233041,26.206800473800318,-58.00505233672562,68.40089709153834,19.78645167602024,-11.505408209893945,71.9184168739611,64.54074012409896,4.3293296801651335,-77.46891831418044,-58.05804755826675,40.62046009355393,-75.80602730424657,8.451565783224012,75.13524386642041,49.13698765331209,-58.16673226817485,-43.88778029058725
-13.285463760526389,-65.22317627308598,-12.930724952900858,27.278159839283973,48.22703212703197,62.98167261495735,-64.23149771024332,-29.518463239494316,78.26896300679333,-8.255446738563785,-77.03828875363833,-71.44556749025374,-63.60582444782992,5.821979837128381,64.51226818660355,-53.64043158105684,61.13264138919337,63.43133643294542,-61.70694127241033,-42.052587248944334,-27.877982118746086,19.8133953171799,-52.2549960589862,40.903910389875634,-76.88373825286901,6.163139241512145,13.72722613406581,-42.64957990311489,9.053959514307724,-62.68685402342789
35.2519711200622,-50.1984446720904,29.63588892966976,-13.231379883134991,74.92185445842684,-66.3927622653185,-12.623423837432721,29.840563901804583,39.70640482888625,65.37426742886177,28.614519518594804,11.857063599628676,-13.749613024637998,26.208472907466337,-58.00315622495321,68.40169867126275,19.789452401687832,-11.506540364868988,71.91784422440989,64.54006407918153,4.330315597570678,-77.4670360833621,-58.057242334026554,40.61917487136561,-75.8065662385152,8.450581879220769,75.13502024376302,49.13780130380819,-58.1675011983723,-43.88437788087895
35.25203533310438,-50.198442172686185,29.636517519347915,-13.231382235455301,74.92167913118183,-66.39241807536499,-12.624091553326078,29.840551110801886,39.70611512835161,65.3737451287093,28.61510963934095,11.855685948056644,-13.748923810364168,26.209308861696485,-58.0020324804658,68.40213849149569,19.790600201340176,-11.506815336467387,71.91752847175891,64.54000988120181,4.330561604519908,-77.46626805167584,-58.0570529923738,40.618247721860456,-75.80674419751712,8.45010501236,75.13487861361968,49.13807253470678,-58.16775840767258,-43.88311161977654
