-33.73512720116029,-54.86337616587533,-61.057344190055794,-6.206732284891476,58.0011376722542,-47.014496820132585,-53.9446769503778,78.4446745655868,-4.203474578612059,74.44574072503563,65.71067203688791,57.8106600260827,50.11139869434881,-8.129406195555008,73.50578842107608,-56.12785085738047,76.18437460680693,19.324853686995574,36.31100606085442,19.01981464269221,77.08254008853984,10.768558451278764,21.285572080454433,-51.713241130377156,76.04747189800356,12.958077751482378,-68.37528132119827,25.260219954972268,36.31781612332469,45.45827830092476
21.547635266291987,68.27500718521456,0.9060434495832368,-51.556147236816464,45.07031453812619,-21.018508530640652,-52.15606519049245,-45.58129657484697,22.399742430363283,-30.88368968856619,-68.85405438686522,-42.03550152889259,-5.069486931998961,-75.67545669331554,38.80157929264257,-68.57204798147424,14.866656682083143,7.770129342151043,-71.20330294192756,8.602198467299809,-39.23115239991112,50.988211005162384,36.94443352001587,-75.68792433632822,-26.55869557926896,-57.473131632826444,-69.03841096563364,52.84129172637444,18.95551186414066,59.87112258773608
-38.77533122949596,-46.91722109171805,-70.62425593289221,-10.625494436434325,56.78613754945429,-46.265968345352924,-53.65622095389346,77.44375092724745,-15.01622794491559,64.62812503280642,69.11182528577984,62.32979913949556,57.55448522937374,-5.46980421237951,82.2266149975742,-59.458259686102224,77.28981677158197,20.597412144724245,31.062988363292774,20.29326106315649,69.5097887149827,8.641151159595042,18.869108834735744,-55.49562857186231,63.684785511945826,25.29341609704046,-60.762879711749875,20.688794112651614,21.416286457358517,36.341690042888104
-32.82543944976957,-52.2587036482704,-63.75669924844217,-5.454400348028234,57.91455507950764,-47.511079088189206,-54.016057909900894,78.26127878952383,-8.39470385641674,71.64038112147283,66.40207420908473,55.689614181528725,52.91281998484506,-6.08307730264471,75.91896177675419,-60.379989013388624,76.68655719689635,16.14003977713287,38.01354301174155,17.830993083979873,76.99702124279106,7.087798617572534,22.702611683207,-48.57941958340527,78.25139542085437,7.977265095223218,-70.3932323869536,20.405345987891405,45.560802858239775,45.18281476337737
-33.505406667215105,-51.13345845483177,-62.00525536054528,-4.697421013307125,57.33798843288488,-45.36885815902627,-54.409359139424126,79.5123218172488,0.5685367532276072,76.57907940081742,62.718653986448324,55.76745265019783,48.27250499957152,-7.166146471370017,73.09428740356776,-57.77582279763237,76.49393842940468,14.454082815256081,40.764804710798636,20.97839818899529,81.69092942236364,9.67530384551456,19.18195448386814,-53.05549739397778,79.51013556768561,9.139215951341686,-72.10066461779759,21.318188665021722,47.06287866893175,45.51994310367381
36.77790850440246,65.39450754227492,-13.507462284067433,-55.736196782433765,38.239233027327224,-17.28406799820347,-60.17592338740427,-49.25092980484691,17.8970037120145,-34.476485097906206,-73.90131106426327,-34.286879006481136,-13.703504837201088,-62.71932683349396,25.957738651669914,-67.34513019650149,2.1478245915665273,14.9806322601128,-44.68071308608152,19.003308723419035,13.306433890473286,69.48666001211107,54.86901270873624,-65.00384844886165,-38.92703593621048,-72.75632551958712,-53.2100772623356,45.77771040589774,54.086327898300205,74.33009834956864
-29.353430921950544,-56.19790574991146,-58.72276014214654,-0.30654376117835525,57.65191958822355,-45.311499320409766,-53.11888010003479,75.05158289098989,-3.3502700279728024,73.71587937016707,59.376476328383006,55.911873403158985,56.22400629735009,-14.85416748077335,69.64083125742121,-61.280383213117375,75.02077304113729,15.21675649262287,40.15646782278102,19.186394461433572,79.05282699416301,14.101992435657305,16.317838747389974,-53.94319005618373,75.50293909247044,12.004461408330995,-64.40202442648328,21.74486317458289,41.7065165238113,41.02131938611769
45.17252753197929,66.42444980092226,-4.83126011669721,-48.525086177128486,26.96691862627612,-13.083061258964067,-71.45519425321065,-39.29014498927071,13.184142750167235,-48.77472374080517,-67.4251705387335,-23.844211963740037,-10.260472894142001,-65.84891476339388,34.37669048945213,-58.07847351329151,6.5958054980659355,25.11046228564964,-60.68247753443231,24.070052567057303,-9.900977229464422,63.41571048187962,47.625826451914,-62.451205637281035,-34.649772652378275,-66.64354319024655,-52.96585989103999,48.51318741707065,36.040862339044075,62.087936535480836
-18.471747848983384,39.145210954146975,-89.48206362635871,-27.30841443778465,-48.06122384083694,-78.78095503902074,-60.00512154680042,-29.049623772791822,-7.401565241968573,13.857974225557664,-6.059939345502643,28.331351142349707,-48.51185526682983,45.19101321564094,-80.58985845962368,18.43712080766663,5.789540467199505,9.608213328826116,-50.48520532081106,-53.7575665065968,44.866191331678095,68.46074531190217,-32.99188021358387,9.784764015530904,50.721951200272464,52.47391630877023,-58.54366702555684,-77.99108599971306,-58.87034056974906,55.35574781765359
-12.709865287112912,-75.25956812559576,-43.423475661147954,0.3182604899346097,59.65905589612322,-52.42078385025894,-50.85210125764707,76.52382839708042,2.6122064052847582,88.77884152227406,59.31796865525522,58.22040377502519,38.5917988767281,-8.803654655317262,68.9522520626722,-55.59479241266751,67.78880112583381,18.47725075958176,34.1655173142356,21.46064613228192,85.19384246528874,17.53240897332592,29.084229253129823,-57.70639720443373,80.26763632837742,15.690881023734567,-69.97216598679503,40.01585239009832,30.29286221814003,52.65788665790263
-32.44631455031012,-52.07326610418638,-56.266583906764595,-6.151828372917745,56.40166270402146,-46.871663761781356,-55.02041368487893,72.20995284067942,9.679706976551923,79.43107973681663,59.47032974343507,58.11988753491493,52.636996237252504,-16.708492499209786,72.05253760993266,-53.074978079307726,69.89888874039144,19.71514909230889,36.64678400473094,22.114356807202263,83.44441215956122,11.092810177072128,11.948615543297285,-62.29415825637867,68.15229557996987,23.02007378723809,-70.21642397404676,26.806486409870597,30.57434231183245,36.855325866525725
-15.814261103929494,-70.71827099914297,-47.618577074009124,-3.631810713252878,58.795664249716886,-52.04830424564088,-49.61212469889028,76.11811373474849,2.4131856328939065,79.9856091597541,60.32277008201942,56.21265898105423,46.521524342036855,-12.981956467271589,72.80967868030784,-57.89563296745975,74.20481964691491,14.380362249982522,39.95160722341308,20.952971433024604,84.55340649689751,7.73617501700411,17.64008891776113,-54.06847502598066,80.16146081814624,9.07387790816121,-74.45913677074492,23.003627549255125,46.95324568014386,46.188150056364904
-78.77078886030637,42.15354637650079,0.9843441528260142,40.95928584407602,41.15203784227141,-33.54869962339393,-20.066360414234083,78.97931149413435,-74.4935044263254,71.26233440824696,20.429146852787763,64.80705222271,60.539691271945685,-77.07604909299256,-25.964687633054872,-35.47835276582471,4.941267826126428,-45.28565729454985,-31.753203791811863,-43.304242987091335,-9.299549021769796,29.46945954883644,48.54465303982577,-44.651676202737725,55.813292194970415,-67.97657403337072,-62.312649673492785,-34.389377339622094,10.617710184527573,-5.013453383215236
-33.64806299038731,-52.71738421978974,-65.02242569628156,1.9994230002385067,60.2763379908892,-43.07054804874924,-49.17516433397254,86.7356612280828,17.928433767004268,79.36892065222719,60.555103816731204,52.7338410761319,46.563474885519284,-10.98304858706852,65.32051246432802,-51.42413465413551,70.58492248947371,14.117183232399503,43.148682488325896,19.56053682476792,91.87605691487822,9.459518553204298,11.336385901629253,-58.77529908733914,84.11834680594336,7.348888016432672,-77.7247019170153,25.935910200777748,52.72581226151371,46.26715233988214
-28.384987548885835,-57.15852341780934,-60.014967840554846,-0.2810194128099822,59.691522442605496,-45.795145988127445,-50.95119195510894,81.63585515772827,8.033354743227147,79.61699434033412,61.012815208874045,56.94195252117989,45.27230292658273,-9.233062287591233,70.19006202699475,-55.2025533191949,71.64575783326197,14.798327398462105,40.779310789701874,22.340799850556305,87.46827020377609,7.617889416316302,9.599880462964915,-59.178980595044166,75.57287188520206,16.456698349232205,-72.36217564167478,22.45171926148868,44.10849449753866,40.41632385375081
