-604.974827215311507
-604.974827213162143
-604.974827212821197
-604.974827212764694
-604.974827212294826
-604.974827212784703
-604.974827212930677
-604.974827213027197
-604.974827212746618
-604.974827212449668
-604.974827212482182
-604.974827212281525
-604.974827213503090
-604.974827215071286
-604.974827214326297
-604.974827213644289
-604.974827212508217
-604.974827213941353
-604.974827213046410
-604.974827212797209
-604.974827212521859
-604.974827212295395
-604.974827214078118
-604.974827213140316
-604.974827213195795
-604.974827212326659
-604.974827212725131
-604.974827213857793
-604.974827213859271
-604.974827213742174
-604.974827213296066
