-227.04554354573784
-226.94013851905484
-227.06007994185683
-226.95833566988892
-226.51003874872157
-226.73756238969037
-226.7733508935697
-227.07368912653627
-226.91439770191576
-227.27494334298265
-227.05773511938423
-226.9368892813274
-226.99705003701328
-226.98909917877404
-226.48514410802056
-226.6671374453932
-226.75222199954936
-227.07133568437354
-226.89476776333987
-227.27381500331674
-226.95814370466059
-227.0039600468477
-227.02912716537801
-226.94765715127394
-226.93562003172664
-226.9102870665267
-226.9158652673095
-226.97415624676086
-226.88674606524611
-226.93792313182752
-226.96507700668477
