-99.999999271370598
-99.999999065076793
-99.999999761587588
-99.999998502348902
-99.999999776651308
-99.999998996527808
-99.999998129266913
-99.999999561426208
-99.999995983447278
-99.999996020863662
-99.999996530395109
-99.999999353808761
-99.999999309212143
-99.999994453634031
-99.999998912424033
-99.999995835359570
-99.999999765715259
-99.999999271370598
-99.999999065076793
-99.999999761587588
-99.999998502348902
-99.999999776651308
-99.999996020863662
-99.999996530395109
-99.999999353808761
-99.999999309212143
-99.999994453634031
-99.999998912424033
-99.999995835359570
-99.999999765715259
-99.999999804022792
