-68.86190823343985
-61.9344193293445
-57.66062119716249
-72.18877343977587
-72.64740772584646
-65.13117356594114
-66.07229978105943
-58.716344821944105
-66.05071791775947
-56.414340838784774
-59.522581575846424
-67.41788812219633
-64.92420938052123
-55.397760214201554
-67.67237305032873
-65.14775569371007
-70.52463746229077
-64.30221818985814
-62.71855272077926
-55.126824661949485
-53.827143341873956
-57.22779078390444
-63.78883209595884
-55.47034430873394
-61.95593131264205
-66.21633240205372
-64.04432952174116
-53.88481027990559
-52.59743576549342
-63.932726746482
-52.71526900144928
