-912.857373964995304
-912.857373964379008
-912.857373966414229
-912.857373964602630
-912.857373965777128
-912.857373965563738
-912.857373964550789
-912.857373966625346
-912.857373968881234
-912.857373964828298
-912.857373964625026
-912.857373967434228
-912.857373964573526
-912.857373964859562
-912.857373965103648
-912.857373964861267
-912.857373964588191
-912.857373964419594
-912.857373965007696
-912.857373965047827
-912.857373967434683
-912.857373964963699
-912.857373964480985
-912.857373965919805
-912.857373966102500
-912.857373964742465
-912.857373964452677
-912.857373964905946
-912.857373964625253
-912.857373964374119
-912.857373965177544
