-656.788997983962986
-656.788997983726972
-656.788997983685022
-656.788997983929903
-656.788997983575086
-656.788997984250614
-656.788997983922968
-656.788997985767878
-656.788997984392154
-656.788997983751642
-656.788997983761419
-656.788997984438538
-656.788997984557795
-656.788997984795401
-656.788997986000595
-656.788997985697279
-656.788997985071887
-656.788997984109528
-656.788997983969011
-656.788997985971037
-656.788997984179673
-656.788997987009452
-656.788997984768116
-656.788997984476055
-656.788997983990384
-656.788997984691491
-656.788997984382036
-656.788997984156822
-656.788997984757316
-656.788997985174205
-656.788997984301204
